    0,    0,    0,
    3,    3,   26,
    2,    0,   67,
    0,    0,  140,
    0,    0,  243,
    0,    0,  364,
    0,    0,  508,
    0,    0,  666,
    0,    0,  823,
    0,    0,  974,
    0,    0, 1119,
    0,    0, 1263,
    0,    0, 1407,
    0,    0, 1552,
    0,    0, 1698,
    0,    0, 1842,
    0,    0, 1983,
    1,   31,   11,
    0,   30,   54,
    0,   25,  128,
    0,   14,  239,
    0,    1,  381,
    0,    0,  550,
    0,    0,  743,
    0,    0,  951,
    0,    0, 1158,
    0,    0, 1341,
    0,    0, 1508,
    0,    0, 1662,
    0,    0, 1809,
    0,    0, 4095,
    0,    0, 4095,
    0,    0, 4095,
    0,    0, 4095,
    0,  136,    1,
    0,  137,   60,
    0,  131,  171,
    0,  113,  321,
    0,   73,  508,
    0,   12,  728,
    0,    0,  969,
    0,    0, 1224,
    0,    0, 1478,
    0,    0, 1704,
    0,    0, 1893,
    0,    0, 2059,
    0,    0, 2206,
    0,    0, 4095,
    0,    0, 4095,
    0,    0, 4095,
    0,    0, 4095,
    0,  325,    0,
    0,  329,   27,
    0,  324,  172,
    0,  315,  372,
    0,  277,  608,
    0,  178,  874,
    0,   25, 1161,
    0,    0, 1459,
    0,    0, 1756,
    0,    0, 4095,
    0,    0, 4095,
    0,    0, 4095,
    0,    0, 4095,
    0,    0, 4095,
    0,    0, 4095,
    0,    0, 4095,
    0,    0, 4095,
    0,  592,    0,
    0,  606,    0,
    0,  606,   98,
    0,  619,  364,
    0,  607,  663,
    0,  541,  979,
    0,  396, 1311,
    0,  123, 1651,
    0,    0, 1985,
    0,    0, 4095,
    0,    0, 4095,
    0,    0, 4095,
    0,    0, 4095,
    0,    0, 4095,
    0,    0, 4095,
    0,    0, 4095,
    0,    0, 4095,
    0,  929,    0,
    0,  964,    0,
    0,  985,    6,
    0, 1010,  277,
    0, 1015,  675,
    0,  980, 4095,
    0,  902, 4095,
    0,  754, 4095,
    0,  466, 4095,
    0,  119, 4095,
    0,    0, 4095,
    0,    0, 4095,
    0,    0, 4095,
    0,    0, 4095,
    0,    0, 4095,
    0,    0, 4095,
    0,    0, 4095,
    0, 1342,    0,
    0, 1398,    0,
    0, 1440,    0,
    0, 1470,   79,
    0, 1481,  620,
    0, 1466, 4095,
    0, 1420, 4095,
    0, 1320, 4095,
    0, 1171, 4095,
    0,  964, 4095,
    0,  635, 4095,
    0,  324, 4095,
    0,    5, 4095,
    0,    0, 4095,
    0,    0, 4095,
    0,    0, 4095,
    0,    0, 4095,
    0, 1778,    0,
    0, 4095,    0,
    0, 4095,    0,
    0, 4095,    0,
    0, 4095, 4095,
    0, 4095, 4095,
    0, 4095, 4095,
    0, 4095, 4095,
    0, 1715, 4095,
    0, 1589, 4095,
    0, 1435, 4095,
    0, 1262, 4095,
    0, 1063, 4095,
    0,  820, 4095,
    0,  483, 4095,
    0,  366, 4095,
    0,  210, 4095,
    0, 4095,    0,
    0, 4095,    0,
    0, 4095,    0,
    0, 4095,    0,
    0, 4095, 4095,
    0, 4095, 4095,
    0, 4095, 4095,
    0, 4095, 4095,
    0, 4095, 4095,
    0, 4095, 4095,
    0, 4095, 4095,
    0, 1883, 4095,
    0, 1757, 4095,
    0, 1629, 4095,
    0, 1501, 4095,
    0, 1390, 4095,
    0, 1276, 4095,
    0, 4095,    0,
    0, 4095,    0,
    0, 4095,    0,
    0, 4095,    0,
    0, 4095, 4095,
    0, 4095, 4095,
    0, 4095, 4095,
    0, 4095, 4095,
    0, 4095, 4095,
    0, 4095, 4095,
    0, 4095, 4095,
    0, 4095, 4095,
    0, 4095, 4095,
    0, 4095, 4095,
    0, 2130, 4095,
    0, 2061, 4095,
    0, 2058, 4095,
    0, 4095,    0,
    0, 4095,    0,
    0, 4095,    0,
    0, 4095,    0,
    0, 4095, 4095,
    0, 4095, 4095,
    0, 4095, 4095,
    0, 4095, 4095,
    0, 4095, 4095,
    0, 4095, 4095,
    0, 4095, 4095,
    0, 4095, 4095,
    0, 4095, 4095,
    0, 4095, 4095,
    0, 4095, 4095,
    0, 4095, 4095,
    0, 4095, 4095,
    0, 4095,    0,
    0, 4095,    0,
    0, 4095,    0,
    0, 4095,    7,
    0, 4095, 4095,
    0, 4095, 4095,
    0, 4095, 4095,
    0, 4095, 4095,
    0, 4095, 4095,
    0, 4095, 4095,
    0, 4095, 4095,
    0, 4095, 4095,
    0, 4095, 4095,
    0, 4095, 4095,
    0, 4095, 4095,
    0, 4095, 4095,
    0, 4095, 4095,
    0, 4095,    0,
    0, 4095,    0,
    0, 4095,    0,
    0, 4095, 4095,
    0, 4095, 4095,
    0, 4095, 4095,
    0, 4095, 4095,
    0, 4095, 4095,
    0, 4095, 4095,
    0, 4095, 4095,
    0, 4095, 4095,
    0, 4095, 4095,
    0, 4095, 4095,
    0, 4095, 4095,
    0, 4095, 4095,
    0, 4095, 4095,
    0, 4095, 4095,
    0, 4095,    0,
    0, 4095,    0,
    0, 4095, 4095,
    0, 4095, 4095,
    0, 4095, 4095,
    0, 4095, 4095,
    0, 4095, 4095,
    0, 4095, 4095,
    0, 4095, 4095,
    0, 4095, 4095,
    0, 4095, 4095,
    0, 4095, 4095,
    0, 4095, 4095,
    0, 4095, 4095,
    0, 4095, 4095,
    0, 4095, 4095,
    0, 4095, 4095,
    0, 4095,    9,
    0, 4095, 4095,
    0, 4095, 4095,
    0, 4095, 4095,
    0, 4095, 4095,
    0, 4095, 4095,
    0, 4095, 4095,
    0, 4095, 4095,
    0, 4095, 4095,
    0, 4095, 4095,
    0, 4095, 4095,
    0, 4095, 4095,
    0, 4095, 4095,
    0, 4095, 4095,
    0, 4095, 4095,
    0, 4095, 4095,
    0, 4095, 4095,
    0, 4095, 4095,
    0, 4095, 4095,
    0, 4095, 4095,
    0, 4095, 4095,
    0, 4095, 4095,
    0, 4095, 4095,
    0, 4095, 4095,
    0, 4095, 4095,
    0, 4095, 4095,
    0, 4095, 4095,
    0, 4095, 4095,
    0, 4095, 4095,
    0, 4095, 4095,
    0, 4095, 4095,
    0, 4095, 4095,
    0, 4095, 4095,
    0, 4095, 4095,
    0, 4095, 1271,
    0, 4095, 4095,
    0, 4095, 4095,
    0, 4095, 4095,
    0, 4095, 4095,
    0, 4095, 4095,
    0, 4095, 4095,
    0, 4095, 4095,
    0, 4095, 4095,
    0, 4095, 4095,
    0, 4095, 3474,
    0, 4095, 3684,
    0, 4095, 3883,
    0, 4095, 4060,
    0, 4095, 4095,
    0, 4095, 4095,
    0, 4095, 4095,
   42,    7,    4,
   29,    0,   23,
   47,    0,   57,
   64,    0,  110,
   73,    0,  177,
   68,    0,  264,
   52,    0, 4095,
   21,    0, 4095,
    2,    0, 4095,
    0,    0, 4095,
    0,    0, 4095,
    0,    0, 4095,
    0,    0, 4095,
    0,    0, 4095,
    0,    0, 4095,
    0,    0, 4095,
    0,    0, 4095,
   63,   39,    1,
   33,   33,   33,
   40,   22,   86,
   38,    6,  158,
   25,    0,  249,
    6,    0, 4095,
    2,    0, 4095,
    0,    0, 4095,
    0,    0, 4095,
    0,    0, 4095,
    0,    0, 4095,
    0,    0, 4095,
    0,    0, 4095,
    0,    0, 4095,
    0,    0, 4095,
    0,    0, 4095,
    0,    0, 4095,
   36,  157,    0,
    7,  154,   26,
    3,  139,   99,
    0,  112,  193,
    0,   54, 4095,
    0,    1, 4095,
    0,    0, 4095,
    0,    0, 4095,
    0,    0, 4095,
    0,    0, 4095,
    0,    0, 4095,
    0,    0, 4095,
    0,    0, 4095,
    0,    0, 4095,
    0,    0, 4095,
    0,    0, 4095,
    0,    0, 4095,
    0,  351,    0,
    0,  357,    3,
    0,  349,   86,
    0,  331,  209,
    0,  277, 4095,
    0,  142, 4095,
    0,    1, 4095,
    0,    0, 4095,
    0,    0, 4095,
    0,    0, 4095,
    0,    0, 4095,
    0,    0, 4095,
    0,    0, 4095,
    0,    0, 4095,
    0,    0, 4095,
    0,    0, 4095,
    0,    0, 4095,
    0,  632,    0,
    0,  651,    0,
    0,  651,   33,
    0,  653,  191,
    0,  629, 4095,
    0,  550, 4095,
    0,  363, 4095,
    0,   73, 4095,
    0,    0, 4095,
    0,    0, 4095,
    0,    0, 4095,
    0,    0, 4095,
    0,    0, 4095,
    0,    0, 4095,
    0,    0, 4095,
    0,    0, 4095,
    0,    0, 4095,
    0,  999,    0,
    0, 1033,    0,
    0, 1056,    0,
    0, 1069,  121,
    0, 1063, 4095,
    0, 1019, 4095,
    0,  928, 4095,
    0,  750, 4095,
    0,  411, 4095,
    0,   29, 4095,
    0,    0, 4095,
    0,    0, 4095,
    0,    0, 4095,
    0,    0, 4095,
    0,    0, 4095,
    0,    0, 4095,
    0,    0, 4095,
    0, 1438,    0,
    0, 1489,    0,
    0, 1525,    0,
    0, 1545,   14,
    0, 1545, 4095,
    0, 1523, 4095,
    0, 1467, 4095,
    0, 1356, 4095,
    0, 1190, 4095,
    0,  939, 4095,
    0,  518, 4095,
    0,  182, 4095,
    0,    0, 4095,
    0,    0, 4095,
    0,    0, 4095,
    0,    0, 4095,
    0,    0, 4095,
    0, 4095,    0,
    0, 4095,    0,
    0, 4095,    0,
    0, 4095,    0,
    0, 4095,  212,
    0, 4095, 4095,
    0, 4095, 4095,
    0, 4095, 4095,
    0, 4095, 4095,
    0, 1629, 4095,
    0, 1451, 4095,
    0, 1240, 4095,
    0,  988, 4095,
    0,  646, 4095,
    0,  420, 4095,
    0,  270, 4095,
    0,   14, 4095,
    0, 4095,    0,
    0, 4095,    0,
    0, 4095,    0,
    0, 4095,    0,
    0, 4095,   70,
    0, 4095, 4095,
    0, 4095, 4095,
    0, 4095, 4095,
    0, 4095, 4095,
    0, 4095, 4095,
    0, 4095, 4095,
    0, 1918, 4095,
    0, 1768, 4095,
    0, 1621, 4095,
    0, 1475, 4095,
    0, 1374, 4095,
    0, 1368, 4095,
    0, 4095,    0,
    0, 4095,    0,
    0, 4095,    0,
    0, 4095,    0,
    0, 4095,   10,
    0, 4095, 4095,
    0, 4095, 4095,
    0, 4095, 4095,
    0, 4095, 4095,
    0, 4095, 4095,
    0, 4095, 4095,
    0, 4095, 4095,
    0, 4095, 4095,
    0, 4095, 4095,
    0, 2158, 4095,
    0, 2153, 4095,
    0, 2171, 4095,
    0, 4095,    0,
    0, 4095,    0,
    0, 4095,    0,
    0, 4095,    0,
    0, 4095,   62,
    0, 4095, 4095,
    0, 4095, 4095,
    0, 4095, 4095,
    0, 4095, 4095,
    0, 4095, 4095,
    0, 4095, 4095,
    0, 4095, 4095,
    0, 4095, 4095,
    0, 4095, 4095,
    0, 4095, 4095,
    0, 4095, 4095,
    0, 4095, 4095,
    0, 4095,    0,
    0, 4095,    0,
    0, 4095,    0,
    0, 4095,    0,
    0, 4095,  317,
    0, 4095, 4095,
    0, 4095, 4095,
    0, 4095, 4095,
    0, 4095, 4095,
    0, 4095, 4095,
    0, 4095, 4095,
    0, 4095, 4095,
    0, 4095, 4095,
    0, 4095, 4095,
    0, 4095, 4095,
    0, 4095, 4095,
    0, 4095, 4095,
    0, 4095,    0,
    0, 4095,    0,
    0, 4095,    0,
    0, 4095,   71,
    0, 4095, 4095,
    0, 4095, 4095,
    0, 4095, 4095,
    0, 4095, 4095,
    0, 4095, 4095,
    0, 4095, 4095,
    0, 4095, 4095,
    0, 4095, 4095,
    0, 4095, 4095,
    0, 4095, 4095,
    0, 4095, 4095,
    0, 4095, 4095,
    0, 4095, 4095,
    0, 4095,    0,
    0, 4095,    0,
    0, 4095,   52,
    0, 4095, 4095,
    0, 4095, 4095,
    0, 4095, 4095,
    0, 4095, 4095,
    0, 4095, 4095,
    0, 4095, 4095,
    0, 4095, 4095,
    0, 4095, 4095,
    0, 4095, 4095,
    0, 4095, 4095,
    0, 4095, 4095,
    0, 4095, 4095,
    0, 4095, 4095,
    0, 4095, 4095,
    0, 4095,    2,
    0, 4095,  199,
    0, 4095, 4095,
    0, 4095, 4095,
    0, 4095, 4095,
    0, 4095, 4095,
    0, 4095, 4095,
    0, 4095, 4095,
    0, 4095, 4095,
    0, 4095, 4095,
    0, 4095, 4095,
    0, 4095, 4095,
    0, 4095, 4095,
    0, 4095, 4095,
    0, 4095, 4095,
    0, 4095, 4095,
    0, 4095, 4095,
    0, 4095, 4095,
    0, 4095, 4095,
    0, 4095, 4095,
    0, 4095, 4095,
    0, 4095, 4095,
    0, 4095, 4095,
    0, 4095, 4095,
    0, 4095, 4095,
    0, 4095, 4095,
    0, 4095, 4095,
    0, 4095, 4095,
    0, 4095, 4095,
    0, 4095, 4095,
    0, 4095, 4095,
    0, 4095, 4095,
    0, 4095, 4095,
    0, 4095, 4095,
    0, 4095, 4095,
    0, 4095, 4095,
    0, 4095, 4095,
    0, 4095, 4095,
    0, 4095, 4095,
    0, 4095, 4095,
    0, 4095, 4095,
    0, 4095, 4095,
    0, 4095, 4095,
    0, 4095, 4095,
    0, 4095, 4095,
    0, 4095, 4095,
    0, 4095, 4095,
    0, 4095, 4095,
    0, 4095, 4095,
    0, 4095, 4095,
    0, 4095, 4095,
  128,    1,    4,
   86,    0,   42,
  137,    0,  105,
  177,    0,  192,
  207,    0,  299,
  227,    0,  438,
  226,    0, 4095,
  194,    0, 4095,
  139,    0, 4095,
   70,    0, 4095,
   10,    0, 4095,
    1,    0, 4095,
    0,    0, 4095,
    0,    0, 4095,
    0,    0, 4095,
    0,    0, 4095,
    0,    0, 4095,
  191,   41,    0,
  113,   30,   44,
  163,   13,  134,
  192,    0,  248,
  206,    0,  390,
  203,    0, 4095,
  165,    0, 4095,
   92,    0, 4095,
   16,    0, 4095,
    0,    0, 4095,
    0,    0, 4095,
    0,    0, 4095,
    0,    0, 4095,
    0,    0, 4095,
    0,    0, 4095,
    0,    0, 4095,
    0,    0, 4095,
  202,  168,    0,
  107,  162,   21,
  137,  138,  137,
  140,   97,  283,
  120,   25,  456,
   78,    0, 4095,
   18,    0, 4095,
    1,    0, 4095,
    0,    0, 4095,
    0,    0, 4095,
    0,    0, 4095,
    0,    0, 4095,
    0,    0, 4095,
    0,    0, 4095,
    0,    0, 4095,
    0,    0, 4095,
    0,    0, 4095,
  112,  367,    0,
   50,  375,    0,
   43,  362,  100,
   20,  334,  288,
   10,  262,  496,
    0,  101, 4095,
    0,    0, 4095,
    0,    0, 4095,
    0,    0, 4095,
    0,    0, 4095,
    0,    0, 4095,
    0,    0, 4095,
    0,    0, 4095,
    0,    0, 4095,
    0,    0, 4095,
    0,    0, 4095,
    0,    0, 4095,
    0,  658,    0,
    0,  679,    0,
    0,  684,   18,
    0,  672,  248,
    0,  638,  511,
    0,  548, 4095,
    0,  330, 4095,
    0,   37, 4095,
    0,    0, 4095,
    0,    0, 4095,
    0,    0, 4095,
    0,    0, 4095,
    0,    0, 4095,
    0,    0, 4095,
    0,    0, 4095,
    0,    0, 4095,
    0,    0, 4095,
    0, 1053,    0,
    0, 1088,    0,
    0, 1109,    0,
    0, 1111,  129,
    0, 1091,  487,
    0, 1042, 4095,
    0,  939, 4095,
    0,  736, 4095,
    0,  346, 4095,
    0,    0, 4095,
    0,    0, 4095,
    0,    0, 4095,
    0,    0, 4095,
    0,    0, 4095,
    0,    0, 4095,
    0,    0, 4095,
    0,    0, 4095,
    0, 1515,    0,
    0, 4095,    0,
    0, 4095,    0,
    0, 4095,    1,
    0, 4095,  374,
    0, 4095, 4095,
    0, 1498, 4095,
    0, 1380, 4095,
    0, 1197, 4095,
    0,  905, 4095,
    0,  437, 4095,
    0,   18, 4095,
    0,    0, 4095,
    0,    0, 4095,
    0,    0, 4095,
    0,    0, 4095,
    0,    0, 4095,
    0, 4095,    0,
    0, 4095,    0,
    0, 4095,    0,
    0, 4095,    0,
    0, 4095,  196,
    0, 4095, 4095,
    0, 4095, 4095,
    0, 4095, 4095,
    0, 4095, 4095,
    0, 1658, 4095,
    0, 1457, 4095,
    0, 1195, 4095,
    0,  844, 4095,
    0,  480, 4095,
    0,  313, 4095,
    0,  254, 4095,
    0,  267, 4095,
    0, 4095,    0,
    0, 4095,    0,
    0, 4095,    0,
    0, 4095,    0,
    0, 4095,    4,
    0, 4095, 4095,
    0, 4095, 4095,
    0, 4095, 4095,
    0, 4095, 4095,
    0, 4095, 4095,
    0, 4095, 4095,
    0, 1937, 4095,
    0, 1761, 4095,
    0, 1589, 4095,
    0, 1488, 4095,
    0, 1491, 4095,
    0, 1508, 4095,
    0, 4095,    0,
    0, 4095,    0,
    0, 4095,    0,
    0, 4095,    0,
    0, 4095,    0,
    0, 4095,  547,
    0, 4095, 4095,
    0, 4095, 4095,
    0, 4095, 4095,
    0, 4095, 4095,
    0, 4095, 4095,
    0, 4095, 4095,
    0, 4095, 4095,
    0, 4095, 4095,
    0, 4095, 4095,
    0, 4095, 4095,
    0, 4095, 4095,
    0, 4095,    0,
    0, 4095,    0,
    0, 4095,    0,
    0, 4095,    0,
    0, 4095,    0,
    0, 4095, 4095,
    0, 4095, 4095,
    0, 4095, 4095,
    0, 4095, 4095,
    0, 4095, 4095,
    0, 4095, 4095,
    0, 4095, 4095,
    0, 4095, 4095,
    0, 4095, 4095,
    0, 4095, 4095,
    0, 4095, 4095,
    0, 4095, 4095,
    0, 4095,    0,
    0, 4095,    0,
    0, 4095,    0,
    0, 4095,    0,
    0, 4095,   63,
    0, 4095, 4095,
    0, 4095, 4095,
    0, 4095, 4095,
    0, 4095, 4095,
    0, 4095, 4095,
    0, 4095, 4095,
    0, 4095, 4095,
    0, 4095, 4095,
    0, 4095, 4095,
    0, 4095, 4095,
    0, 4095, 4095,
    0, 4095, 4095,
    0, 4095,    0,
    0, 4095,    0,
    0, 4095,    0,
    0, 4095,    2,
    0, 4095,  419,
    0, 4095, 4095,
    0, 4095, 4095,
    0, 4095, 4095,
    0, 4095, 4095,
    0, 4095, 4095,
    0, 4095, 4095,
    0, 4095, 4095,
    0, 4095, 4095,
    0, 4095, 4095,
    0, 4095, 4095,
    0, 4095, 4095,
    0, 4095, 4095,
    0, 4095,    0,
    0, 4095,    0,
    0, 4095,   12,
    0, 4095,  357,
    0, 4095, 4095,
    0, 4095, 4095,
    0, 4095, 4095,
    0, 4095, 4095,
    0, 4095, 4095,
    0, 4095, 4095,
    0, 4095, 4095,
    0, 4095, 4095,
    0, 4095, 4095,
    0, 4095, 4095,
    0, 4095, 4095,
    0, 4095, 4095,
    0, 4095, 4095,
    0, 4095,    0,
    0, 4095,   47,
    0, 4095, 4095,
    0, 4095, 4095,
    0, 4095, 4095,
    0, 4095, 4095,
    0, 4095, 4095,
    0, 4095, 4095,
    0, 4095, 4095,
    0, 4095, 4095,
    0, 4095, 4095,
    0, 4095, 4095,
    0, 4095, 4095,
    0, 4095, 4095,
    0, 4095, 4095,
    0, 4095, 4095,
    0, 4095, 4095,
    0, 4095,  303,
    0, 4095, 4095,
    0, 4095, 4095,
    0, 4095, 4095,
    0, 4095, 4095,
    0, 4095, 4095,
    0, 4095, 4095,
    0, 4095, 4095,
    0, 4095, 4095,
    0, 4095, 4095,
    0, 4095, 4095,
    0, 4095, 4095,
    0, 4095, 4095,
    0, 4095, 4095,
    0, 4095, 4095,
    0, 4095, 4095,
    0, 4095, 4095,
    0, 4095, 4095,
    0, 4095, 4095,
    0, 4095, 4095,
    0, 4095, 4095,
    0, 4095, 4095,
    0, 4095, 4095,
    0, 4095, 4095,
    0, 4095, 4095,
    0, 4095, 4095,
    0, 4095, 4095,
    0, 4095, 4095,
    0, 4095, 4095,
    0, 4095, 4095,
    0, 4095, 4095,
    0, 4095, 4095,
    0, 4095, 4095,
    0, 4095, 4095,
  278,    0,    0,
  172,    0,   61,
  260,    0,  147,
  330,    0,  269,
  384,    0,  421,
  424,    0,  598,
  445,    0,  800,
  435,    0, 4095,
  400,    0, 4095,
  334,    0, 4095,
  244,    0, 4095,
  135,    0, 4095,
   37,    0, 4095,
    2,    0, 4095,
    0,    0, 4095,
    0,    0, 4095,
    0,    0, 4095,
  373,   35,    0,
  218,   22,   46,
  315,    2,  168,
  381,    0,  321,
  431,    0,  510,
  461,    0,  734,
  460,    0, 4095,
  419,    0, 4095,
  333,    0, 4095,
  200,    0, 4095,
   62,    0, 4095,
    4,    0, 4095,
    0,    0, 4095,
    0,    0, 4095,
    0,    0, 4095,
    0,    0, 4095,
    0,    0, 4095,
  429,  166,    0,
  240,  160,    5,
  333,  125,  151,
  383,   72,  340,
  407,    7,  555,
  411,    0, 4095,
  370,    0, 4095,
  271,    0, 4095,
  122,    0, 4095,
   12,    0, 4095,
    0,    0, 4095,
    0,    0, 4095,
    0,    0, 4095,
    0,    0, 4095,
    0,    0, 4095,
    0,    0, 4095,
    0,    0, 4095,
 4095,  379,    0,
  244,  382,    0,
  297,  366,   91,
  323,  328,  327,
  316,  236,  585,
  273,   50, 4095,
  181,    0, 4095,
   49,    0, 4095,
    0,    0, 4095,
    0,    0, 4095,
    0,    0, 4095,
    0,    0, 4095,
    0,    0, 4095,
    0,    0, 4095,
    0,    0, 4095,
    0,    0, 4095,
    0,    0, 4095,
 4095,  694,    0,
  140,  707,    0,
  139,  704,   11,
  120,  689,  267,
   71,  645,  591,
   36,  539, 4095,
    5,  300, 4095,
    0,    3, 4095,
    0,    0, 4095,
    0,    0, 4095,
    0,    0, 4095,
    0,    0, 4095,
    0,    0, 4095,
    0,    0, 4095,
    0,    0, 4095,
    0,    0, 4095,
    0,    0, 4095,
    1, 1106,    0,
    0, 1130,    0,
    0, 1142,    0,
    0, 1136,  113,
    0, 1109,  548,
    0, 1056, 4095,
    0,  943, 4095,
    0,  712, 4095,
    0,  290, 4095,
    0,    0, 4095,
    0,    0, 4095,
    0,    0, 4095,
    0,    0, 4095,
    0,    0, 4095,
    0,    0, 4095,
    0,    0, 4095,
    0,    0, 4095,
    0, 4095,    0,
    0, 4095,    0,
    0, 4095,    0,
    0, 4095,    0,
    0, 4095,  390,
    0, 4095, 4095,
    0, 1517, 4095,
    0, 1396, 4095,
    0, 1200, 4095,
    0,  857, 4095,
    0,  385, 4095,
    0,    0, 4095,
    0,    0, 4095,
    0,    0, 4095,
    0,    0, 4095,
    0,    0, 4095,
    0,    0, 4095,
    0, 4095,    0,
    0, 4095,    0,
    0, 4095,    0,
    0, 4095,    0,
    0, 4095,  145,
    0, 4095, 4095,
    0, 4095, 4095,
    0, 4095, 4095,
    0, 4095, 4095,
    0, 1669, 4095,
    0, 1446, 4095,
    0, 1136, 4095,
    0,  643, 4095,
    0,  407, 4095,
    0,  385, 4095,
    0,  391, 4095,
    0,  406, 4095,
    0, 4095,    0,
    0, 4095,    0,
    0, 4095,    0,
    0, 4095,    0,
    0, 4095,    0,
    0, 4095,  660,
    0, 4095, 4095,
    0, 4095, 4095,
    0, 4095, 4095,
    0, 4095, 4095,
    0, 4095, 4095,
    0, 1940, 4095,
    0, 1734, 4095,
    0, 1611, 4095,
    0, 1596, 4095,
    0, 1601, 4095,
    0, 1614, 4095,
    0, 4095,    0,
    0, 4095,    0,
    0, 4095,    0,
    0, 4095,    0,
    0, 4095,    0,
    0, 4095,  451,
    0, 4095, 4095,
    0, 4095, 4095,
    0, 4095, 4095,
    0, 4095, 4095,
    0, 4095, 4095,
    0, 4095, 4095,
    0, 4095, 4095,
    0, 4095, 4095,
    0, 4095, 4095,
    0, 4095, 4095,
    0, 4095, 4095,
    0, 4095,    0,
    0, 4095,    0,
    0, 4095,    0,
    0, 4095,    0,
    0, 4095,    0,
    0, 4095,  374,
    0, 4095, 4095,
    0, 4095, 4095,
    0, 4095, 4095,
    0, 4095, 4095,
    0, 4095, 4095,
    0, 4095, 4095,
    0, 4095, 4095,
    0, 4095, 4095,
    0, 4095, 4095,
    0, 4095, 4095,
    0, 4095, 4095,
    0, 4095,    0,
    0, 4095,    0,
    0, 4095,    0,
    0, 4095,    0,
    0, 4095,    0,
    0, 4095,  487,
    0, 4095, 4095,
    0, 4095, 4095,
    0, 4095, 4095,
    0, 4095, 4095,
    0, 4095, 4095,
    0, 4095, 4095,
    0, 4095, 4095,
    0, 4095, 4095,
    0, 4095, 4095,
    0, 4095, 4095,
    0, 4095, 4095,
    0, 4095,    0,
    0, 4095,    0,
    0, 4095,    0,
    0, 4095,    0,
    0, 4095,  102,
    0, 4095, 4095,
    0, 4095, 4095,
    0, 4095, 4095,
    0, 4095, 4095,
    0, 4095, 4095,
    0, 4095, 4095,
    0, 4095, 4095,
    0, 4095, 4095,
    0, 4095, 4095,
    0, 4095, 4095,
    0, 4095, 4095,
    0, 4095, 4095,
    0, 4095,    0,
    0, 4095,    0,
    0, 4095,    0,
    0, 4095,  114,
    0, 4095,  763,
    0, 4095, 4095,
    0, 4095, 4095,
    0, 4095, 4095,
    0, 4095, 4095,
    0, 4095, 4095,
    0, 4095, 4095,
    0, 4095, 4095,
    0, 4095, 4095,
    0, 4095, 4095,
    0, 4095, 4095,
    0, 4095, 4095,
    0, 4095, 4095,
    0, 4095,    0,
    0, 4095,   13,
    0, 4095,  353,
    0, 4095, 4095,
    0, 4095, 4095,
    0, 4095, 4095,
    0, 4095, 4095,
    0, 4095, 4095,
    0, 4095, 4095,
    0, 4095, 4095,
    0, 4095, 4095,
    0, 4095, 4095,
    0, 4095, 4095,
    0, 4095, 4095,
    0, 4095, 4095,
    0, 4095, 4095,
    0, 4095, 4095,
    0, 4095,   43,
    0, 4095,  533,
    0, 4095, 4095,
    0, 4095, 4095,
    0, 4095, 4095,
    0, 4095, 4095,
    0, 4095, 4095,
    0, 4095, 4095,
    0, 4095, 4095,
    0, 4095, 4095,
    0, 4095, 4095,
    0, 4095, 4095,
    0, 4095, 4095,
    0, 4095, 4095,
    0, 4095, 4095,
    0, 4095, 4095,
    0, 4095, 4095,
    0, 4095,  627,
    0, 4095, 4095,
    0, 4095, 4095,
    0, 4095, 4095,
    0, 4095, 4095,
    0, 4095, 4095,
    0, 4095, 4095,
    0, 4095, 4095,
    0, 4095, 4095,
    0, 4095, 4095,
    0, 4095, 4095,
    0, 4095, 4095,
    0, 4095, 4095,
    0, 4095, 4095,
    0, 4095, 4095,
    0, 4095, 4095,
  488, 4095, 4095,
  450,    0,    0,
 4095,    0,   70,
  409,    0,  182,
  522,    0,  337,
  611,    0,  527,
  670,    0,  739,
  708,    0,  972,
  721,    0, 4095,
  705,    0, 4095,
  657,    0, 4095,
  592,    0, 4095,
  511,    0, 4095,
  413,    0, 4095,
  293,    0, 4095,
  161,    0, 4095,
   48,    0, 4095,
    0,    0, 4095,
  597,   18,    0,
 4095,    4,   36,
  505,    0,  191,
  618,    0,  381,
  703,    0,  609,
  754,    0,  862,
  775,    0, 4095,
  775,    0, 4095,
  743,    0, 4095,
  666,    0, 4095,
  561,    0, 4095,
  430,    0, 4095,
  285,    0, 4095,
  155,    0, 4095,
   31,    0, 4095,
    0,    0, 4095,
    0,    0, 4095,
  707,  147,    0,
 4095,  137,    1,
 4095,   92,  150,
  654,   33,  376,
  722,    0,  633,
  761,    0,  921,
  769,    0, 4095,
  753,    0, 4095,
  694,    0, 4095,
  570,    0, 4095,
  396,    0, 4095,
  242,    0, 4095,
   79,    0, 4095,
    7,    0, 4095,
    0,    0, 4095,
    0,    0, 4095,
    0,    0, 4095,
 4095,  376,    0,
 4095,  374,    0,
 4095,  353,   73,
  663,  303,  346,
  710,  188,  646,
  728,   24,  964,
  718,    0, 4095,
  670,    0, 4095,
  555,    0, 4095,
  378,    0, 4095,
  186,    0, 4095,
   20,    0, 4095,
    0,    0, 4095,
    0,    0, 4095,
    0,    0, 4095,
    0,    0, 4095,
    0,    0, 4095,
 4095,  718,    0,
 4095,  723,    0,
 4095,  717,    3,
  608,  694,  268,
  633,  640,  640,
  624,  516,  998,
  570,  253, 4095,
  458,    0, 4095,
  315,    0, 4095,
  105,    0, 4095,
    2,    0, 4095,
    0,    0, 4095,
    0,    0, 4095,
    0,    0, 4095,
    0,    0, 4095,
    0,    0, 4095,
    0,    0, 4095,
 4095, 1142,    0,
 4095, 1156,    0,
  343, 1158,    0,
  369, 1147,   91,
  359, 1119,  582,
  309, 1056,  997,
  213,  935, 4095,
   89,  680, 4095,
   15,  229, 4095,
    0,    0, 4095,
    0,    0, 4095,
    0,    0, 4095,
    0,    0, 4095,
    0,    0, 4095,
    0,    0, 4095,
    0,    0, 4095,
    0,    0, 4095,
   64, 4095,    0,
   46, 4095,    0,
   23, 4095,    0,
    4, 4095,    0,
    0, 4095,  401,
    0, 4095,  949,
    0, 1523, 4095,
    0, 1402, 4095,
    0, 1200, 4095,
    0,  797, 4095,
    0,  327, 4095,
    0,    0, 4095,
    0,    0, 4095,
    0,    0, 4095,
    0,    0, 4095,
    0,    0, 4095,
    0,    0, 4095,
    0, 4095,    0,
    0, 4095,    0,
    0, 4095,    0,
    0, 4095,    0,
    0, 4095,  108,
    0, 4095,  843,
    0, 4095, 4095,
    0, 4095, 4095,
    0, 4095, 4095,
    0, 1670, 4095,
    0, 1427, 4095,
    0, 1071, 4095,
    0,  524, 4095,
    0,  457, 4095,
    0,  460, 4095,
    0,  470, 4095,
    0,  489, 4095,
    0, 4095,    0,
    0, 4095,    0,
    0, 4095,    0,
    0, 4095,    0,
    0, 4095,    0,
    0, 4095,  644,
    0, 4095, 4095,
    0, 4095, 4095,
    0, 4095, 4095,
    0, 4095, 4095,
    0, 4095, 4095,
    0, 1934, 4095,
    0, 1719, 4095,
    0, 1684, 4095,
    0, 1680, 4095,
    0, 1683, 4095,
    0, 1695, 4095,
    0, 4095,    0,
    0, 4095,    0,
    0, 4095,    0,
    0, 4095,    0,
    0, 4095,    0,
    0, 4095,  393,
    0, 4095, 4095,
    0, 4095, 4095,
    0, 4095, 4095,
    0, 4095, 4095,
    0, 4095, 4095,
    0, 4095, 4095,
    0, 4095, 4095,
    0, 4095, 4095,
    0, 4095, 4095,
    0, 4095, 4095,
    0, 4095, 4095,
    0, 4095,    0,
    0, 4095,    0,
    0, 4095,    0,
    0, 4095,    0,
    0, 4095,    0,
    0, 4095,  248,
    0, 4095, 4095,
    0, 4095, 4095,
    0, 4095, 4095,
    0, 4095, 4095,
    0, 4095, 4095,
    0, 4095, 4095,
    0, 4095, 4095,
    0, 4095, 4095,
    0, 4095, 4095,
    0, 4095, 4095,
    0, 4095, 4095,
    0, 4095,    0,
    0, 4095,    0,
    0, 4095,    0,
    0, 4095,    0,
    0, 4095,    0,
    0, 4095,  230,
    0, 4095, 4095,
    0, 4095, 4095,
    0, 4095, 4095,
    0, 4095, 4095,
    0, 4095, 4095,
    0, 4095, 4095,
    0, 4095, 4095,
    0, 4095, 4095,
    0, 4095, 4095,
    0, 4095, 4095,
    0, 4095, 4095,
    0, 4095,    0,
    0, 4095,    0,
    0, 4095,    0,
    0, 4095,    0,
    0, 4095,    4,
    0, 4095,  494,
    0, 4095, 4095,
    0, 4095, 4095,
    0, 4095, 4095,
    0, 4095, 4095,
    0, 4095, 4095,
    0, 4095, 4095,
    0, 4095, 4095,
    0, 4095, 4095,
    0, 4095, 4095,
    0, 4095, 4095,
    0, 4095, 4095,
    0, 4095,    0,
    0, 4095,    0,
    0, 4095,    0,
    0, 4095,   25,
    0, 4095,  478,
    0, 4095, 4095,
    0, 4095, 4095,
    0, 4095, 4095,
    0, 4095, 4095,
    0, 4095, 4095,
    0, 4095, 4095,
    0, 4095, 4095,
    0, 4095, 4095,
    0, 4095, 4095,
    0, 4095, 4095,
    0, 4095, 4095,
    0, 4095, 4095,
    0, 4095,    0,
    0, 4095,    0,
    0, 4095,   60,
    0, 4095,  625,
    0, 4095, 4095,
    0, 4095, 4095,
    0, 4095, 4095,
    0, 4095, 4095,
    0, 4095, 4095,
    0, 4095, 4095,
    0, 4095, 4095,
    0, 4095, 4095,
    0, 4095, 4095,
    0, 4095, 4095,
    0, 4095, 4095,
    0, 4095, 4095,
    0, 4095, 4095,
    0, 4095,    3,
    0, 4095,  239,
    0, 4095,  732,
    0, 4095, 4095,
    0, 4095, 4095,
    0, 4095, 4095,
    0, 4095, 4095,
    0, 4095, 4095,
    0, 4095, 4095,
    0, 4095, 4095,
    0, 4095, 4095,
    0, 4095, 4095,
    0, 4095, 4095,
    0, 4095, 4095,
    0, 4095, 4095,
    0, 4095, 4095,
   38, 4095, 4095,
    0, 4095,  465,
    0, 4095,  813,
    0, 4095, 4095,
    0, 4095, 4095,
    0, 4095, 4095,
    0, 4095, 4095,
    0, 4095, 4095,
    0, 4095, 4095,
    0, 4095, 4095,
    0, 4095, 4095,
    0, 4095, 4095,
    0, 4095, 4095,
    0, 4095, 4095,
    0, 4095, 4095,
   35, 4095, 4095,
  714, 4095, 4095,
 1439, 4095, 4095,
  661,    0,    0,
 4095,    0,   66,
 4095,    0,  216,
  767,    0,  396,
  891,    0,  606,
  967,    0,  843,
 1018,    0, 1096,
 1040,    0, 1350,
 1032,    0, 4095,
  991,    0, 4095,
  933,    0, 4095,
  864,    0, 4095,
  789,    0, 4095,
  707,    0, 4095,
  616,    0, 4095,
  507,    0, 4095,
  385,    0, 4095,
 4095,    1,    0,
 4095,    0,   15,
 4095,    0,  207,
 4095,    0,  427,
 1020,    0,  676,
 1097,    0,  959,
 1146,    0, 1261,
 1161,    0, 4095,
 1147,    0, 4095,
 1089,    0, 4095,
 1006,    0, 4095,
  914,    0, 4095,
  818,    0, 4095,
  716,    0, 4095,
  610,    0, 4095,
  483,    0, 4095,
  348,    0, 4095,
 4095,  112,    0,
 4095,   89,    0,
 4095,   41,  136,
 4095,    2,  405,
 4095,    0,  688,
 1159,    0, 1015,
 1208,    0, 4095,
 1213,    0, 4095,
 1188,    0, 4095,
 1121,    0, 4095,
 1026,    0, 4095,
  919,    0, 4095,
  806,    0, 4095,
  688,    0, 4095,
  570,    0, 4095,
  440,    0, 4095,
  332,    0, 4095,
 4095,  361,    0,
 4095,  348,    0,
 4095,  318,   46,
 4095,  249,  354,
 4095,  115,  687,
 1174,    2, 1046,
 1212,    0, 4095,
 1214,    0, 4095,
 1180,    0, 4095,
 1107,    0, 4095,
 1005,    0, 4095,
  880,    0, 4095,
  751,    0, 4095,
  623,    0, 4095,
  511,    0, 4095,
  421,    0, 4095,
  372,    0, 4095,
 4095,  724,    0,
 4095,  719,    0,
 4095,  708,    0,
 4095,  679,  257,
 4095,  615,  672,
 1146,  464, 1060,
 1159,  180, 4095,
 1154,    0, 4095,
 1108,    0, 4095,
 1024,    0, 4095,
  896,    0, 4095,
  713,    0, 4095,
  546,    0, 4095,
  459,    0, 4095,
  411,    0, 4095,
  382,    0, 4095,
  368,    0, 4095,
 4095, 1161,    0,
 4095, 1168,    0,
 4095, 1171,    0,
 4095, 1156,   63,
 1018, 1116,  598,
 1040, 1047, 1048,
 1033,  915, 4095,
  996,  628, 4095,
  911,  180, 4095,
  752,    0, 4095,
  584,    0, 4095,
  438,    0, 4095,
  297,    0, 4095,
  173,    0, 4095,
  199,    0, 4095,
  269,    0, 4095,
  330,    0, 4095,
 4095, 4095,    0,
 4095, 4095,    0,
 4095, 4095,    0,
  736, 4095,    0,
  742, 4095,  407,
  724, 4095,  994,
  668, 1518, 4095,
  608, 1394, 4095,
  489, 1189, 4095,
  335,  759, 4095,
  142,  254, 4095,
   50,    0, 4095,
    0,    0, 4095,
    0,    0, 4095,
    3,    0, 4095,
   79,    0, 4095,
  282,    0, 4095,
 4095, 4095,    0,
  221, 4095,    0,
  166, 4095,    0,
  165, 4095,    0,
  181, 4095,  105,
  176, 4095,  880,
  155, 4095, 4095,
  108, 4095, 4095,
   14, 4095, 4095,
    0, 1683, 4095,
    0, 1419, 4095,
    0,  997, 4095,
    0,  492, 4095,
    0,  490, 4095,
    0,  503, 4095,
    0,  520, 4095,
    0,  544, 4095,
    2, 4095,    0,
    0, 4095,    0,
    0, 4095,    0,
    0, 4095,    0,
    0, 4095,    0,
    0, 4095,  635,
    0, 4095, 4095,
    0, 4095, 4095,
    0, 4095, 4095,
    0, 4095, 4095,
    0, 4095, 4095,
    0, 1939, 4095,
    0, 1720, 4095,
    0, 1728, 4095,
    0, 1737, 4095,
    0, 1744, 4095,
    0, 1759, 4095,
    0, 4095,    0,
    0, 4095,    0,
    0, 4095,    0,
    0, 4095,    0,
    0, 4095,    0,
    0, 4095,  355,
    0, 4095, 1175,
    0, 4095, 4095,
    0, 4095, 4095,
    0, 4095, 4095,
    0, 4095, 4095,
    0, 4095, 4095,
    0, 4095, 4095,
    0, 4095, 4095,
    0, 4095, 4095,
    0, 4095, 4095,
    0, 4095, 4095,
    0, 4095,    0,
    0, 4095,    0,
    0, 4095,    0,
    0, 4095,    0,
    0, 4095,    0,
    0, 4095,   97,
    0, 4095, 1033,
    0, 4095, 4095,
    0, 4095, 4095,
    0, 4095, 4095,
    0, 4095, 4095,
    0, 4095, 4095,
    0, 4095, 4095,
    0, 4095, 4095,
    0, 4095, 4095,
    0, 4095, 4095,
    0, 4095, 4095,
    0, 4095,    0,
    0, 4095,    0,
    0, 4095,    0,
    0, 4095,    0,
    0, 4095,    0,
    0, 4095,    1,
    0, 4095,  923,
    0, 4095, 4095,
    0, 4095, 4095,
    0, 4095, 4095,
    0, 4095, 4095,
    0, 4095, 4095,
    0, 4095, 4095,
    0, 4095, 4095,
    0, 4095, 4095,
    0, 4095, 4095,
    0, 4095, 4095,
    0, 4095,    0,
    0, 4095,    0,
    0, 4095,    0,
    0, 4095,    0,
    0, 4095,    0,
    0, 4095,  150,
    0, 4095,  997,
    0, 4095, 4095,
    0, 4095, 4095,
    0, 4095, 4095,
    0, 4095, 4095,
    0, 4095, 4095,
    0, 4095, 4095,
    0, 4095, 4095,
    0, 4095, 4095,
    0, 4095, 4095,
    0, 4095, 4095,
    0, 4095,    0,
    0, 4095,    0,
    0, 4095,    0,
    0, 4095,    0,
    0, 4095,  125,
    0, 4095,  821,
    0, 4095, 4095,
    0, 4095, 4095,
    0, 4095, 4095,
    0, 4095, 4095,
    0, 4095, 4095,
    0, 4095, 4095,
    0, 4095, 4095,
    0, 4095, 4095,
    0, 4095, 4095,
    0, 4095, 4095,
    0, 4095, 4095,
   11, 4095,    0,
    0, 4095,    0,
    0, 4095,    6,
    0, 4095,  284,
    0, 4095,  866,
    0, 4095, 1255,
    0, 4095, 4095,
    0, 4095, 4095,
    0, 4095, 4095,
    0, 4095, 4095,
    0, 4095, 4095,
    0, 4095, 4095,
    0, 4095, 4095,
    0, 4095, 4095,
    0, 4095, 4095,
    0, 4095, 4095,
    0, 4095, 4095,
 4095, 4095,    0,
   22, 4095,   22,
    0, 4095,  529,
    0, 4095,  943,
    0, 4095, 1263,
    0, 4095, 4095,
    0, 4095, 4095,
    0, 4095, 4095,
    0, 4095, 4095,
    0, 4095, 4095,
    0, 4095, 4095,
    0, 4095, 4095,
    0, 4095, 4095,
    0, 4095, 4095,
    3, 4095, 4095,
   77, 4095, 4095,
  925, 4095, 4095,
  985, 4095,  244,
 4095, 4095,  718,
   60, 4095, 1033,
    0, 4095, 4095,
    0, 4095, 4095,
    0, 4095, 4095,
    0, 4095, 4095,
    0, 4095, 4095,
    0, 4095, 4095,
    0, 4095, 4095,
    0, 4095, 4095,
    0, 4095, 4095,
    0, 4095, 4095,
  430, 4095, 4095,
 1096, 4095, 4095,
 1606, 4095, 4095,
 1964, 4095, 4095,
  914,    0,    0,
 4095,    0,   53,
 4095,    0,  236,
 4095,    0,  440,
 4095,    0,  665,
 1299,    0,  922,
 1352,    0, 1188,
 1376,    0, 1447,
 1368,    0, 4095,
 1327,    0, 4095,
 1270,    0, 4095,
 1203,    0, 4095,
 1131,    0, 4095,
 1058,    0, 4095,
  983,    0, 4095,
  888,    0, 4095,
  796,    0, 4095,
 4095,    0,    0,
 4095,    0,    2,
 4095,    0,  204,
 4095,    0,  453,
 4095,    0,  719,
 4095,    0, 1028,
 1549,    0, 1354,
 1565,    0, 4095,
 1549,    0, 4095,
 1493,    0, 4095,
 1412,    0, 4095,
 1327,    0, 4095,
 1239,    0, 4095,
 1150,    0, 4095,
 1064,    0, 4095,
  961,    0, 4095,
  865,    0, 4095,
 4095,   45,    0,
 4095,   16,    0,
 4095,    1,  114,
 4095,    0,  415,
 4095,    0,  723,
 4095,    0, 1079,
 4095,    0, 1457,
 1679,    0, 4095,
 1656,    0, 4095,
 1605,    0, 4095,
 1523,    0, 4095,
 1434,    0, 4095,
 1341,    0, 4095,
 1244,    0, 4095,
 1156,    0, 4095,
 1055,    0, 4095,
  970,    0, 4095,
 4095,  313,    0,
 4095,  281,    0,
 4095,  236,   16,
 4095,  146,  349,
 4095,   24,  719,
 4095,    0, 1108,
 4095,    0, 1515,
 1724,    0, 4095,
 1705,    0, 4095,
 1669,    0, 4095,
 1606,    0, 4095,
 1517,    0, 4095,
 1421,    0, 4095,
 1326,    0, 4095,
 1244,    0, 4095,
 1159,    0, 4095,
 1089,    0, 4095,
 4095,  710,    0,
 4095,  693,    0,
 4095,  673,    0,
 4095,  639,  232,
 4095,  561,  691,
 4095,  376, 1105,
 4095,   89, 1524,
 1699,    0, 4095,
 1692,    0, 4095,
 1670,    0, 4095,
 1618,    0, 4095,
 1528,    0, 4095,
 1435,    0, 4095,
 1349,    0, 4095,
 1280,    0, 4095,
 1216,    0, 4095,
 1170,    0, 4095,
 4095, 1164,    0,
 4095, 1167,    0,
 4095, 1166,    0,
 4095, 1145,   40,
 4095, 1098,  607,
 4095, 1022, 1084,
 4095,  878, 1525,
 1633,  567, 4095,
 1625,  151, 4095,
 1594,    0, 4095,
 1535,    0, 4095,
 1447,    0, 4095,
 1354,    0, 4095,
 1281,    0, 4095,
 1268,    0, 4095,
 1255,    0, 4095,
 1256,    0, 4095,
 4095, 4095,    0,
 4095, 4095,    0,
 4095, 4095,    0,
 4095, 4095,    0,
 4095, 4095,  410,
 4095, 4095, 1028,
 1501, 1507, 1508,
 1497, 1379, 4095,
 1475, 1170, 4095,
 1419,  729, 4095,
 1336,  218, 4095,
 1231,    0, 4095,
 1121,    0, 4095,
 1136,    0, 4095,
 1196,    0, 4095,
 1245,    0, 4095,
 1295,    0, 4095,
 4095, 4095,    0,
 4095, 4095,    0,
 4095, 4095,    0,
 4095, 4095,    0,
 4095, 4095,  106,
 1237, 4095,  911,
 1242, 4095, 1461,
 1216, 4095, 4095,
 1156, 4095, 4095,
 1033, 1691, 4095,
  845, 1408, 4095,
  711,  906, 4095,
  589,  487, 4095,
  688,  501, 4095,
  801,  522, 4095,
  995,  548, 4095,
 1158,  579, 4095,
 4095, 4095,    0,
 4095, 4095,    0,
 4095, 4095,    0,
  551, 4095,    0,
  685, 4095,    0,
  672, 4095,  643,
  645, 4095, 1367,
  567, 4095, 4095,
  493, 4095, 4095,
  353, 4095, 4095,
  226, 4095, 4095,
  123, 1935, 4095,
   68, 1730, 4095,
  157, 1748, 4095,
  234, 1769, 4095,
  445, 1782, 4095,
  714, 1802, 4095,
 4095, 4095,    0,
 4095, 4095,    0,
  180, 4095,    0,
  160, 4095,    0,
   97, 4095,    0,
    4, 4095,  321,
    0, 4095, 1194,
    0, 4095, 4095,
    0, 4095, 4095,
    0, 4095, 4095,
    0, 4095, 4095,
    0, 4095, 4095,
    0, 4095, 4095,
    0, 4095, 4095,
    0, 4095, 4095,
    0, 4095, 4095,
  181, 4095, 4095,
 4095, 4095,    0,
  141, 4095,    0,
    0, 4095,    0,
    0, 4095,    0,
    0, 4095,    0,
    0, 4095,   10,
    0, 4095, 1000,
    0, 4095, 4095,
    0, 4095, 4095,
    0, 4095, 4095,
    0, 4095, 4095,
    0, 4095, 4095,
    0, 4095, 4095,
    0, 4095, 4095,
    0, 4095, 4095,
    0, 4095, 4095,
    0, 4095, 4095,
 4095, 4095,    0,
    7, 4095,    0,
    0, 4095,    0,
    0, 4095,    0,
    0, 4095,    0,
    0, 4095,    0,
    0, 4095,  799,
    0, 4095, 4095,
    0, 4095, 4095,
    0, 4095, 4095,
    0, 4095, 4095,
    0, 4095, 4095,
    0, 4095, 4095,
    0, 4095, 4095,
    0, 4095, 4095,
    0, 4095, 4095,
    0, 4095, 4095,
 4095, 4095,    0,
    0, 4095,    0,
    0, 4095,    0,
    0, 4095,    0,
    0, 4095,    0,
    0, 4095,   17,
    0, 4095,  799,
    0, 4095, 4095,
    0, 4095, 4095,
    0, 4095, 4095,
    0, 4095, 4095,
    0, 4095, 4095,
    0, 4095, 4095,
    0, 4095, 4095,
    0, 4095, 4095,
    0, 4095, 4095,
    0, 4095, 4095,
 4095, 4095,    0,
   63, 4095,    0,
    0, 4095,    0,
    0, 4095,    0,
    0, 4095,   13,
    0, 4095,  478,
    0, 4095, 1155,
    0, 4095, 4095,
    0, 4095, 4095,
    0, 4095, 4095,
    0, 4095, 4095,
    0, 4095, 4095,
    0, 4095, 4095,
    0, 4095, 4095,
    0, 4095, 4095,
    0, 4095, 4095,
    0, 4095, 4095,
 4095, 4095,    0,
 4095, 4095,    0,
  142, 4095,    0,
    4, 4095,   46,
    0, 4095,  601,
    0, 4095, 1103,
    0, 4095, 1491,
    0, 4095, 4095,
    0, 4095, 4095,
    0, 4095, 4095,
    0, 4095, 4095,
    0, 4095, 4095,
    0, 4095, 4095,
    0, 4095, 4095,
    0, 4095, 4095,
   32, 4095, 4095,
  516, 4095, 4095,
 4095, 4095,    0,
 4095, 4095,    9,
  404, 4095,  300,
  279, 4095,  825,
   18, 4095, 1180,
    0, 4095, 1493,
    0, 4095, 4095,
    0, 4095, 4095,
    0, 4095, 4095,
    0, 4095, 4095,
    0, 4095, 4095,
    0, 4095, 4095,
    4, 4095, 4095,
   33, 4095, 4095,
  350, 4095, 4095,
 1170, 4095, 4095,
 1709, 4095, 4095,
 1685, 4095,   43,
 4095, 4095,  653,
 4095, 4095, 1003,
 4095, 4095, 1288,
  603, 4095, 4095,
  463, 4095, 4095,
  364, 4095, 4095,
  274, 4095, 4095,
  228, 4095, 4095,
  284, 4095, 4095,
  422, 4095, 4095,
  630, 4095, 4095,
 1098, 4095, 4095,
 1469, 4095, 4095,
 1794, 4095, 4095,
 2095, 4095, 4095,
 2359, 4095, 4095,
 4095,    0,    0,
 4095,    0,   33,
 4095,    0,  237,
 4095,    0,  465,
 4095,    0,  709,
 4095,    0,  979,
 4095,    0, 1253,
 1719,    0, 1511,
 1702,    0, 1747,
 1657,    0, 4095,
 1596,    0, 4095,
 1526,    0, 4095,
 1455,    0, 4095,
 1383,    0, 4095,
 1310,    0, 4095,
 1213,    0, 4095,
 1122,    0, 4095,
 4095,    0,    0,
 4095,    0,    0,
 4095,    0,  186,
 4095,    0,  464,
 4095,    0,  755,
 4095,    0, 1080,
 4095,    0, 1411,
 4095,    0, 1731,
 1942,    0, 4095,
 1876,    0, 4095,
 1794,    0, 4095,
 1706,    0, 4095,
 1619,    0, 4095,
 1529,    0, 4095,
 1447,    0, 4095,
 1338,    0, 4095,
 1242,    0, 4095,
 4095,    0,    0,
 4095,    0,    0,
 4095,    0,   91,
 4095,    0,  417,
 4095,    0,  757,
 4095,    0, 1125,
 4095,    0, 1504,
 4095,    0, 4095,
 2115,    0, 4095,
 2064,    0, 4095,
 1979,    0, 4095,
 1889,    0, 4095,
 1796,    0, 4095,
 1697,    0, 4095,
 1608,    0, 4095,
 1495,    0, 4095,
 1400,    0, 4095,
 4095,  211,    0,
 4095,  159,    0,
 4095,  102,    6,
 4095,   22,  343,
 4095,    0,  749,
 4095,    0, 1156,
 4095,    0, 1564,
 4095,    0, 4095,
 4095,    0, 4095,
 2193,    0, 4095,
 2131,    0, 4095,
 2042,    0, 4095,
 1944,    0, 4095,
 1842,    0, 4095,
 1753,    0, 4095,
 1648,    0, 4095,
 1565,    0, 4095,
 4095,  673,    0,
 4095,  649,    0,
 4095,  622,    0,
 4095,  572,  210,
 4095,  461,  710,
 4095,  267, 1150,
 4095,   18, 1573,
 4095,    0, 4095,
 4095,    0, 4095,
 2250,    0, 4095,
 2201,    0, 4095,
 2124,    0, 4095,
 2037,    0, 4095,
 1943,    0, 4095,
 1860,    0, 4095,
 1772,    0, 4095,
 1703,    0, 4095,
 4095, 1156,    0,
 4095, 1154,    0,
 4095, 1150,    0,
 4095, 1123,   28,
 4095, 1075,  611,
 4095,  985, 1119,
 4095,  814, 1567,
 4095,  490, 4095,
 4095,  102, 4095,
 2222,    0, 4095,
 2183,    0, 4095,
 2123,    0, 4095,
 2056,    0, 4095,
 1992,    0, 4095,
 1952,    0, 4095,
 1896,    0, 4095,
 1855,    0, 4095,
 4095, 4095,    0,
 4095, 4095,    0,
 4095, 4095,    0,
 4095, 4095,    0,
 4095, 4095,  406,
 4095, 4095, 1055,
 4095, 1485, 1549,
 4095, 1352, 4095,
 4095, 1129, 4095,
 2121,  680, 4095,
 2088,  179, 4095,
 2037,    0, 4095,
 1985,    0, 4095,
 1982,    0, 4095,
 1982,    0, 4095,
 1955,    0, 4095,
 1937,    0, 4095,
 4095, 4095,    0,
 4095, 4095,    0,
 4095, 4095,    0,
 4095, 4095,    0,
 4095, 4095,  106,
 4095, 4095,  933,
 4095, 4095, 1499,
 4095, 4095, 4095,
 1975, 4095, 4095,
 1958, 1675, 4095,
 1913, 1380, 4095,
 1848,  835, 4095,
 1808,  473, 4095,
 1837,  494, 4095,
 1871,  522, 4095,
 1888,  556, 4095,
 1914,  597, 4095,
 4095, 4095,    0,
 4095, 4095,    0,
 4095, 4095,    0,
 4095, 4095,    0,
 4095, 4095,    0,
 4095, 4095,  654,
 4095, 4095, 1401,
 1731, 4095, 4095,
 1714, 4095, 4095,
 1672, 4095, 4095,
 1599, 4095, 4095,
 1487, 1909, 4095,
 1447, 1722, 4095,
 1513, 1744, 4095,
 1592, 1773, 4095,
 1670, 1796, 4095,
 1768, 1828, 4095,
 4095, 4095,    0,
 4095, 4095,    0,
 4095, 4095,    0,
 4095, 4095,    0,
 4095, 4095,    0,
 1285, 4095,  304,
 1252, 4095, 1224,
 1217, 4095, 4095,
 1132, 4095, 4095,
 1035, 4095, 4095,
  917, 4095, 4095,
  719, 4095, 4095,
  653, 4095, 4095,
  828, 4095, 4095,
  982, 4095, 4095,
 1230, 4095, 4095,
 1482, 4095, 4095,
 4095, 4095,    0,
 4095, 4095,    0,
 4095, 4095,    0,
 4095, 4095,    0,
  626, 4095,    0,
  519, 4095,    0,
  415, 4095,  983,
  336, 4095, 1700,
  308, 4095, 4095,
  260, 4095, 4095,
  172, 4095, 4095,
    7, 4095, 4095,
    5, 4095, 4095,
  158, 4095, 4095,
  307, 4095, 4095,
  545, 4095, 4095,
  939, 4095, 4095,
 4095, 4095,    0,
 4095, 4095,    0,
 4095, 4095,    0,
  372, 4095,    0,
   98, 4095,    0,
    0, 4095,    0,
    0, 4095,  670,
    0, 4095, 1542,
    0, 4095, 4095,
    0, 4095, 4095,
    0, 4095, 4095,
    0, 4095, 4095,
    0, 4095, 4095,
    0, 4095, 4095,
    0, 4095, 4095,
   12, 4095, 4095,
  474, 4095, 4095,
 4095, 4095,    0,
 4095, 4095,    0,
  374, 4095,    0,
   94, 4095,    0,
    0, 4095,    0,
    0, 4095,    0,
    0, 4095,  560,
    0, 4095, 1454,
    0, 4095, 4095,
    0, 4095, 4095,
    0, 4095, 4095,
    0, 4095, 4095,
    0, 4095, 4095,
    0, 4095, 4095,
    0, 4095, 4095,
    0, 4095, 4095,
  283, 4095, 4095,
 4095, 4095,    0,
 4095, 4095,    0,
 4095, 4095,    0,
  407, 4095,    0,
   77, 4095,    0,
    0, 4095,  147,
    0, 4095,  977,
    0, 4095, 1571,
    0, 4095, 4095,
    0, 4095, 4095,
    0, 4095, 4095,
    0, 4095, 4095,
    0, 4095, 4095,
    0, 4095, 4095,
    0, 4095, 4095,
   72, 4095, 4095,
  628, 4095, 4095,
 4095, 4095,    0,
 4095, 4095,    0,
 4095, 4095,    0,
 4095, 4095,   18,
  459, 4095,  319,
  109, 4095,  949,
    4, 4095, 1393,
    0, 4095, 1806,
    0, 4095, 4095,
    0, 4095, 4095,
    0, 4095, 4095,
    0, 4095, 4095,
    0, 4095, 4095,
   23, 4095, 4095,
  212, 4095, 4095,
  836, 4095, 4095,
 1582, 4095, 4095,
 4095, 4095,    0,
 4095, 4095,    2,
 4095, 4095,  115,
 4095, 4095,  744,
 4095, 4095, 1133,
  688, 4095, 1460,
  466, 4095, 1773,
  278, 4095, 4095,
   53, 4095, 4095,
   34, 4095, 4095,
   42, 4095, 4095,
  257, 4095, 4095,
  527, 4095, 4095,
  959, 4095, 4095,
 1494, 4095, 4095,
 1880, 4095, 4095,
 2196, 4095, 4095,
 2163, 4095,   19,
 4095, 4095,  666,
 4095, 4095, 1031,
 4095, 4095, 1328,
 4095, 4095, 1602,
 4095, 4095, 4095,
 1397, 4095, 4095,
 1364, 4095, 4095,
 1355, 4095, 4095,
 1400, 4095, 4095,
 1501, 4095, 4095,
 1649, 4095, 4095,
 1843, 4095, 4095,
 2050, 4095, 4095,
 2273, 4095, 4095,
 2483, 4095, 4095,
 2684, 4095, 4095,
 4095,    0,    0,
 4095,    0,   12,
 4095,    0,  229,
 4095,    0,  474,
 4095,    0,  729,
 4095,    0, 1005,
 4095,    0, 1282,
 4095,    0, 1541,
 2018,    0, 1777,
 1967,    0, 1985,
 1901,    0, 4095,
 1830,    0, 4095,
 1758,    0, 4095,
 1686,    0, 4095,
 1613,    0, 4095,
 1510,    0, 4095,
 1415,    0, 4095,
 4095,    0,    0,
 4095,    0,    0,
 4095,    0,  162,
 4095,    0,  463,
 4095,    0,  773,
 4095,    0, 1104,
 4095,    0, 1436,
 4095,    0, 1747,
 4095,    0, 2025,
 2232,    0, 4095,
 2145,    0, 4095,
 2057,    0, 4095,
 1967,    0, 4095,
 1879,    0, 4095,
 1795,    0, 4095,
 1678,    0, 4095,
 1574,    0, 4095,
 4095,    0,    0,
 4095,    0,    0,
 4095,    0,   70,
 4095,    0,  414,
 4095,    0,  777,
 4095,    0, 1153,
 4095,    0, 1531,
 4095,    0, 1898,
 4095,    0, 4095,
 4095,    0, 4095,
 2393,    0, 4095,
 2299,    0, 4095,
 2201,    0, 4095,
 2100,    0, 4095,
 2007,    0, 4095,
 1880,    0, 4095,
 1773,    0, 4095,
 4095,   79,    0,
 4095,   25,    0,
 4095,    1,    2,
 4095,    0,  339,
 4095,    0,  772,
 4095,    0, 1187,
 4095,    0, 1592,
 4095,    0, 2009,
 4095,    0, 4095,
 4095,    0, 4095,
 2605,    0, 4095,
 2508,    0, 4095,
 2401,    0, 4095,
 2295,    0, 4095,
 2197,    0, 4095,
 2076,    0, 4095,
 1975,    0, 4095,
 4095,  615,    0,
 4095,  574,    0,
 4095,  530,    0,
 4095,  445,  200,
 4095,  320,  727,
 4095,   99, 1181,
 4095,    0, 1607,
 4095,    0, 2065,
 4095,    0, 4095,
 4095,    0, 4095,
 4095,    0, 4095,
 2650,    0, 4095,
 2559,    0, 4095,
 2454,    0, 4095,
 2357,    0, 4095,
 2249,    0, 4095,
 2163,    0, 4095,
 4095, 1137,    0,
 4095, 1129,    0,
 4095, 1119,    0,
 4095, 1083,   23,
 4095, 1025,  616,
 4095,  915, 1145,
 4095,  707, 1608,
 4095,  388, 4095,
 4095,   16, 4095,
 4095,    0, 4095,
 4095,    0, 4095,
 2705,    0, 4095,
 2647,    0, 4095,
 2576,    0, 4095,
 2512,    0, 4095,
 2424,    0, 4095,
 2350,    0, 4095,
 4095, 4095,    0,
 4095, 4095,    0,
 4095, 4095,    0,
 4095, 4095,    0,
 4095, 4095,  406,
 4095, 1537, 1077,
 4095, 1452, 1588,
 4095, 1308, 2050,
 4095, 1067, 4095,
 4095,  582, 4095,
 4095,  107, 4095,
 2678,    0, 4095,
 2646,    0, 4095,
 2626,    0, 4095,
 2599,    0, 4095,
 2527,    0, 4095,
 2466,    0, 4095,
 4095, 4095,    0,
 4095, 4095,    0,
 4095, 4095,    0,
 4095, 4095,    0,
 4095, 4095,  104,
 4095, 4095,  943,
 4095, 4095, 1529,
 4095, 4095, 2023,
 4095, 4095, 4095,
 4095, 1642, 4095,
 4095, 1337, 4095,
 2580,  747, 4095,
 2564,  443, 4095,
 2565,  472, 4095,
 2564,  509, 4095,
 2532,  552, 4095,
 2504,  605, 4095,
 4095, 4095,    0,
 4095, 4095,    0,
 4095, 4095,    0,
 4095, 4095,    0,
 4095, 4095,    0,
 4095, 4095,  660,
 4095, 4095, 1433,
 4095, 4095, 1969,
 4095, 4095, 4095,
 4095, 4095, 4095,
 2434, 4095, 4095,
 2393, 1880, 4095,
 2382, 1697, 4095,
 2400, 1726, 4095,
 2421, 1763, 4095,
 2428, 1796, 4095,
 2446, 1842, 4095,
 4095, 4095,    0,
 4095, 4095,    0,
 4095, 4095,    0,
 4095, 4095,    0,
 4095, 4095,    0,
 4095, 4095,  300,
 4095, 4095, 1253,
 4095, 4095, 1877,
 4095, 4095, 4095,
 2195, 4095, 4095,
 2163, 4095, 4095,
 2112, 4095, 4095,
 2098, 4095, 4095,
 2136, 4095, 4095,
 2193, 4095, 4095,
 2241, 4095, 4095,
 2307, 4095, 4095,
 4095, 4095,    0,
 4095, 4095,    0,
 4095, 4095,    0,
 4095, 4095,    0,
 4095, 4095,    0,
 4095, 4095,    0,
 4095, 4095,  982,
 4095, 4095, 1737,
 1808, 4095, 4095,
 1778, 4095, 4095,
 1734, 4095, 4095,
 1655, 4095, 4095,
 1641, 4095, 4095,
 1723, 4095, 4095,
 1846, 4095, 4095,
 1963, 4095, 4095,
 2096, 4095, 4095,
 4095, 4095,    0,
 4095, 4095,    0,
 4095, 4095,    0,
 4095, 4095,    0,
 4095, 4095,    0,
 4095, 4095,    0,
 1154, 4095,  589,
 1037, 4095, 1535,
  956, 4095, 4095,
  887, 4095, 4095,
  783, 4095, 4095,
  672, 4095, 4095,
  689, 4095, 4095,
  957, 4095, 4095,
 1288, 4095, 4095,
 1598, 4095, 4095,
 1859, 4095, 4095,
 4095, 4095,    0,
 4095, 4095,    0,
 4095, 4095,    0,
 4095, 4095,    0,
 4095, 4095,    0,
  678, 4095,    0,
  523, 4095,  443,
  439, 4095, 1409,
  336, 4095, 2034,
  228, 4095, 4095,
  137, 4095, 4095,
  164, 4095, 4095,
  269, 4095, 4095,
  478, 4095, 4095,
  686, 4095, 4095,
 1302, 4095, 4095,
 1722, 4095, 4095,
 4095, 4095,    0,
 4095, 4095,    0,
 4095, 4095,    0,
 4095, 4095,    0,
 4095, 4095,    0,
  963, 4095,   48,
  551, 4095,  825,
  430, 4095, 1520,
  331, 4095, 4095,
  259, 4095, 4095,
  240, 4095, 4095,
  300, 4095, 4095,
  405, 4095, 4095,
  563, 4095, 4095,
  962, 4095, 4095,
 1494, 4095, 4095,
 1841, 4095, 4095,
 4095, 4095,    0,
 4095, 4095,    0,
 4095, 4095,    0,
 4095, 4095,    1,
 4095, 4095,  110,
 4095, 4095,  837,
 1047, 4095, 1334,
  632, 4095, 1772,
  544, 4095, 4095,
  519, 4095, 4095,
  558, 4095, 4095,
  641, 4095, 4095,
  812, 4095, 4095,
 1271, 4095, 4095,
 1647, 4095, 4095,
 1946, 4095, 4095,
 2211, 4095, 4095,
 4095, 4095,    0,
 4095, 4095,    8,
 4095, 4095,  108,
 4095, 4095,  749,
 4095, 4095, 1143,
 4095, 4095, 1473,
 4095, 4095, 1795,
 1467, 4095, 4095,
 1389, 4095, 4095,
 1368, 4095, 4095,
 1428, 4095, 4095,
 1560, 4095, 4095,
 1744, 4095, 4095,
 1947, 4095, 4095,
 2173, 4095, 4095,
 2390, 4095, 4095,
 2595, 4095, 4095,
 2560, 4095,  228,
 4095, 4095,  780,
 4095, 4095, 1132,
 4095, 4095, 1428,
 4095, 4095, 1702,
 4095, 4095, 1961,
 4095, 4095, 4095,
 4095, 4095, 4095,
 1975, 4095, 4095,
 2025, 4095, 4095,
 2106, 4095, 4095,
 2206, 4095, 4095,
 2343, 4095, 4095,
 2499, 4095, 4095,
 2672, 4095, 4095,
 2821, 4095, 4095,
 2972, 4095, 4095,
 4095,    0,    0,
 4095,    0,    2,
 4095,    0,  214,
 4095,    0,  467,
 4095,    0,  730,
 4095,    0, 1008,
 4095,    0, 1283,
 4095,    0, 1542,
 4095,    0, 1778,
 2254,    0, 1991,
 2187,    0, 2176,
 2118,    0, 2348,
 2046,    0, 4095,
 1971,    0, 4095,
 1895,    0, 4095,
 1785,    0, 4095,
 1685,    0, 4095,
 4095,    0,    0,
 4095,    0,    0,
 4095,    0,  142,
 4095,    0,  453,
 4095,    0,  775,
 4095,    0, 1107,
 4095,    0, 1431,
 4095,    0, 1737,
 4095,    0, 2013,
 4095,    0, 2260,
 2470,    0, 4095,
 2379,    0, 4095,
 2292,    0, 4095,
 2202,    0, 4095,
 2113,    0, 4095,
 1989,    0, 4095,
 1880,    0, 4095,
 4095,    0,    0,
 4095,    0,    0,
 4095,    0,   58,
 4095,    0,  410,
 4095,    0,  792,
 4095,    0, 1174,
 4095,    0, 1550,
 4095,    0, 1912,
 4095,    0, 2240,
 4095,    0, 4095,
 4095,    0, 4095,
 2670,    0, 4095,
 2567,    0, 4095,
 2462,    0, 4095,
 2367,    0, 4095,
 2230,    0, 4095,
 2113,    0, 4095,
 4095,    1,    0,
 4095,    0,    0,
 4095,    0,    0,
 4095,    0,  342,
 4095,    0,  793,
 4095,    0, 1217,
 4095,    0, 1630,
 4095,    0, 2039,
 4095,    0, 4095,
 4095,    0, 4095,
 4095,    0, 4095,
 4095,    0, 4095,
 2813,    0, 4095,
 2703,    0, 4095,
 2600,    0, 4095,
 2463,    0, 4095,
 2351,    0, 4095,
 4095,  544,    0,
 4095,  464,    0,
 4095,  385,    0,
 4095,  300,  209,
 4095,  156,  753,
 4095,    5, 1221,
 4095,    0, 1663,
 4095,    0, 2107,
 4095,    0, 4095,
 4095,    0, 4095,
 4095,    0, 4095,
 4095,    0, 4095,
 3027,    0, 4095,
 2917,    0, 4095,
 2812,    0, 4095,
 2684,    0, 4095,
 2582,    0, 4095,
 4095, 1121,    0,
 4095, 1091,    0,
 4095, 1066,    0,
 4095, 1023,   27,
 4095,  956,  643,
 4095,  827, 1179,
 4095,  566, 1656,
 4095,  268, 2121,
 4095,    0, 4095,
 4095,    0, 4095,
 4095,    0, 4095,
 4095,    0, 4095,
 4095,    0, 4095,
 3093,    0, 4095,
 3013,    0, 4095,
 2899,    0, 4095,
 2801,    0, 4095,
 4095, 4095,    0,
 4095, 4095,    0,
 4095, 4095,    0,
 4095, 4095,    0,
 4095, 4095,  427,
 4095, 1493, 1096,
 4095, 1396, 1617,
 4095, 1242, 2095,
 4095,  966, 4095,
 4095,  477, 4095,
 4095,    3, 4095,
 4095,    0, 4095,
 4095,    0, 4095,
 3195,    0, 4095,
 3147,    0, 4095,
 3045,    0, 4095,
 2953,    0, 4095,
 4095, 4095,    0,
 4095, 4095,    0,
 4095, 4095,    0,
 4095, 4095,    0,
 4095, 4095,  116,
 4095, 4095,  957,
 4095, 4095, 1556,
 4095, 4095, 2061,
 4095, 1791, 4095,
 4095, 1590, 4095,
 4095, 1263, 4095,
 4095,  610, 4095,
 4095,  400, 4095,
 3186,  438, 4095,
 3165,  485, 4095,
 3097,  545, 4095,
 3028,  635, 4095,
 4095, 4095,    0,
 4095, 4095,    0,
 4095, 4095,    0,
 4095, 4095,    0,
 4095, 4095,    0,
 4095, 4095,  677,
 4095, 4095, 1447,
 4095, 4095, 1998,
 4095, 4095, 4095,
 4095, 4095, 4095,
 4095, 4095, 4095,
 4095, 1865, 4095,
 3085, 1702, 4095,
 3085, 1715, 4095,
 3082, 1738, 4095,
 3048, 1787, 4095,
 3016, 1852, 4095,
 4095, 4095,    0,
 4095, 4095,    0,
 4095, 4095,    0,
 4095, 4095,    0,
 4095, 4095,    0,
 4095, 4095,  310,
 4095, 4095, 1257,
 4095, 4095, 1900,
 4095, 4095, 4095,
 4095, 4095, 4095,
 4095, 4095, 4095,
 4095, 4095, 4095,
 2910, 4095, 4095,
 2924, 4095, 4095,
 2944, 4095, 4095,
 2939, 4095, 4095,
 2943, 4095, 4095,
 4095, 4095,    0,
 4095, 4095,    0,
 4095, 4095,    0,
 4095, 4095,    0,
 4095, 4095,    0,
 4095, 4095,    0,
 4095, 4095,  974,
 4095, 4095, 1748,
 4095, 4095, 4095,
 4095, 4095, 4095,
 4095, 4095, 4095,
 2656, 4095, 4095,
 2661, 4095, 4095,
 2683, 4095, 4095,
 2724, 4095, 4095,
 2755, 4095, 4095,
 2798, 4095, 4095,
 4095, 4095,    0,
 4095, 4095,    0,
 4095, 4095,    0,
 4095, 4095,    0,
 4095, 4095,    0,
 4095, 4095,    0,
 4095, 4095,  565,
 4095, 4095, 1541,
 4095, 4095, 2193,
 2304, 4095, 4095,
 2306, 4095, 4095,
 2301, 4095, 4095,
 2300, 4095, 4095,
 2360, 4095, 4095,
 2447, 4095, 4095,
 2533, 4095, 4095,
 2631, 4095, 4095,
 4095, 4095,    0,
 4095, 4095,    0,
 4095, 4095,    0,
 4095, 4095,    0,
 4095, 4095,    0,
 4095, 4095,    0,
 4095, 4095,  407,
 4095, 4095, 1396,
 1838, 4095, 2043,
 1828, 4095, 4095,
 1856, 4095, 4095,
 1887, 4095, 4095,
 1933, 4095, 4095,
 2054, 4095, 4095,
 2217, 4095, 4095,
 2369, 4095, 4095,
 2520, 4095, 4095,
 4095, 4095,    0,
 4095, 4095,    0,
 4095, 4095,    0,
 4095, 4095,    0,
 4095, 4095,    0,
 4095, 4095,   35,
 4095, 4095,  768,
 4095, 4095, 1522,
 1768, 4095, 2082,
 1761, 4095, 4095,
 1784, 4095, 4095,
 1830, 4095, 4095,
 1904, 4095, 4095,
 2023, 4095, 4095,
 2201, 4095, 4095,
 2356, 4095, 4095,
 2518, 4095, 4095,
 4095, 4095,    0,
 4095, 4095,    0,
 4095, 4095,    0,
 4095, 4095,   14,
 4095, 4095,  107,
 4095, 4095,  838,
 4095, 4095, 1342,
 4095, 4095, 1791,
 1872, 4095, 2228,
 1893, 4095, 4095,
 1947, 4095, 4095,
 2019, 4095, 4095,
 2122, 4095, 4095,
 2249, 4095, 4095,
 2417, 4095, 4095,
 2566, 4095, 4095,
 2713, 4095, 4095,
 4095, 4095,    0,
 4095, 4095,   26,
 4095, 4095,  333,
 4095, 4095,  876,
 4095, 4095, 1234,
 4095, 4095, 1550,
 4095, 4095, 1852,
 4095, 4095, 2151,
 4095, 4095, 4095,
 2149, 4095, 4095,
 2218, 4095, 4095,
 2303, 4095, 4095,
 2423, 4095, 4095,
 2550, 4095, 4095,
 2696, 4095, 4095,
 2828, 4095, 4095,
 2959, 4095, 4095,
 2910, 4095,  567,
 4095, 4095,  983,
 4095, 4095, 1301,
 4095, 4095, 1574,
 4095, 4095, 1822,
 4095, 4095, 2056,
 4095, 4095, 2283,
 4095, 4095, 4095,
 4095, 4095, 4095,
 4095, 4095, 4095,
 2575, 4095, 4095,
 2660, 4095, 4095,
 2776, 4095, 4095,
 2893, 4095, 4095,
 3022, 4095, 4095,
 3121, 4095, 4095,
 3227, 4095, 4095,
 4095,    0,    0,
 4095,    0,    1,
 4095,    0,  200,
 4095,    0,  457,
 4095,    0,  724,
 4095,    0,  998,
 4095,    0, 1268,
 4095,    0, 1523,
 4095,    0, 1759,
 4095,    0, 1975,
 2449,    0, 2168,
 2383,    0, 2351,
 2313,    0, 2511,
 2235,    0, 2637,
 2156,    0, 4095,
 2041,    0, 4095,
 1935,    0, 4095,
 4095,    0,    0,
 4095,    0,    0,
 4095,    0,  138,
 4095,    0,  449,
 4095,    0,  772,
 4095,    0, 1096,
 4095,    0, 1411,
 4095,    0, 1711,
 4095,    0, 1983,
 4095,    0, 2233,
 4095,    0, 2449,
 2675,    0, 2645,
 2588,    0, 4095,
 2496,    0, 4095,
 2408,    0, 4095,
 2280,    0, 4095,
 2167,    0, 4095,
 4095,    0,    0,
 4095,    0,    0,
 4095,    0,   67,
 4095,    0,  423,
 4095,    0,  808,
 4095,    0, 1183,
 4095,    0, 1548,
 4095,    0, 1897,
 4095,    0, 2213,
 4095,    0, 2504,
 4095,    0, 4095,
 4095,    0, 4095,
 2894,    0, 4095,
 2791,    0, 4095,
 2697,    0, 4095,
 2554,    0, 4095,
 2431,    0, 4095,
 4095,    0,    0,
 4095,    0,    0,
 4095,    0,    4,
 4095,    0,  365,
 4095,    0,  819,
 4095,    0, 1242,
 4095,    0, 1653,
 4095,    0, 2048,
 4095,    0, 2412,
 4095,    0, 4095,
 4095,    0, 4095,
 4095,    0, 4095,
 3181,    0, 4095,
 3072,    0, 4095,
 2969,    0, 4095,
 2824,    0, 4095,
 2700,    0, 4095,
 4095,  492,    0,
 4095,  367,    0,
 4095,  279,    0,
 4095,  153,  241,
 4095,   12,  789,
 4095,    0, 1261,
 4095,    0, 1708,
 4095,    0, 2136,
 4095,    0, 2542,
 4095,    0, 4095,
 4095,    0, 4095,
 4095,    0, 4095,
 4095,    0, 4095,
 3335,    0, 4095,
 3228,    0, 4095,
 3084,    0, 4095,
 2967,    0, 4095,
 4095, 1120,    0,
 4095, 1068,    0,
 4095, 1016,    0,
 4095,  963,   46,
 4095,  882,  696,
 4095,  721, 1221,
 4095,  455, 1699,
 4095,  124, 2153,
 4095,    0, 2589,
 4095,    0, 4095,
 4095,    0, 4095,
 4095,    0, 4095,
 4095,    0, 4095,
 4095,    0, 4095,
 3468,    0, 4095,
 3334,    0, 4095,
 3215,    0, 4095,
 4095, 4095,    0,
 4095, 4095,    0,
 4095, 4095,    0,
 4095, 4095,    0,
 4095, 1519,  488,
 4095, 1443, 1131,
 4095, 1329, 1645,
 4095, 1158, 2123,
 4095,  833, 4095,
 4095,  390, 4095,
 4095,    0, 4095,
 4095,    0, 4095,
 4095,    0, 4095,
 4095,    0, 4095,
 4095,    0, 4095,
 3518,    0, 4095,
 3399,    0, 4095,
 4095, 4095,    0,
 4095, 4095,    0,
 4095, 4095,    0,
 4095, 4095,    0,
 4095, 4095,  185,
 4095, 4095,  991,
 4095, 4095, 1575,
 4095, 4095, 2087,
 4095, 1736, 2568,
 4095, 1520, 4095,
 4095, 1166, 4095,
 4095,  531, 4095,
 4095,  339, 4095,
 4095,  397, 4095,
 4095,  461, 4095,
 3607,  540, 4095,
 3502,  705, 4095,
 4095, 4095,    0,
 4095, 4095,    0,
 4095, 4095,    0,
 4095, 4095,    0,
 4095, 4095,    0,
 4095, 4095,  726,
 4095, 4095, 1459,
 4095, 4095, 2022,
 4095, 4095, 2530,
 4095, 4095, 4095,
 4095, 4095, 4095,
 4095, 1846, 4095,
 4095, 1702, 4095,
 4095, 1700, 4095,
 4095, 1714, 4095,
 3593, 1782, 4095,
 3520, 1868, 4095,
 4095, 4095,    0,
 4095, 4095,    0,
 4095, 4095,    0,
 4095, 4095,    0,
 4095, 4095,    0,
 4095, 4095,  346,
 4095, 4095, 1265,
 4095, 4095, 1912,
 4095, 4095, 2466,
 4095, 4095, 4095,
 4095, 4095, 4095,
 4095, 4095, 4095,
 4095, 4095, 4095,
 4095, 4095, 4095,
 3564, 4095, 4095,
 3522, 4095, 4095,
 3482, 4095, 4095,
 4095, 4095,    0,
 4095, 4095,    0,
 4095, 4095,    0,
 4095, 4095,    0,
 4095, 4095,    0,
 4095, 4095,    0,
 4095, 4095,  999,
 4095, 4095, 1762,
 4095, 4095, 2385,
 4095, 4095, 4095,
 4095, 4095, 4095,
 4095, 4095, 4095,
 4095, 4095, 4095,
 4095, 4095, 4095,
 3377, 4095, 4095,
 3363, 4095, 4095,
 3355, 4095, 4095,
 4095, 4095,    0,
 4095, 4095,    0,
 4095, 4095,    0,
 4095, 4095,    0,
 4095, 4095,    0,
 4095, 4095,    0,
 4095, 4095,  630,
 4095, 4095, 1573,
 4095, 4095, 2231,
 4095, 4095, 4095,
 4095, 4095, 4095,
 4095, 4095, 4095,
 4095, 4095, 4095,
 3117, 4095, 4095,
 3151, 4095, 4095,
 3167, 4095, 4095,
 3198, 4095, 4095,
 4095, 4095,    0,
 4095, 4095,    0,
 4095, 4095,    0,
 4095, 4095,    0,
 4095, 4095,    0,
 4095, 4095,    0,
 4095, 4095,  449,
 4095, 4095, 1445,
 4095, 4095, 2093,
 4095, 4095, 4095,
 4095, 4095, 4095,
 2799, 4095, 4095,
 2841, 4095, 4095,
 2891, 4095, 4095,
 2959, 4095, 4095,
 3010, 4095, 4095,
 3077, 4095, 4095,
 4095, 4095,    0,
 4095, 4095,    0,
 4095, 4095,    0,
 4095, 4095,    0,
 4095, 4095,    0,
 4095, 4095,   55,
 4095, 4095,  867,
 4095, 4095, 1586,
 4095, 4095, 2135,
 4095, 4095, 4095,
 4095, 4095, 4095,
 2665, 4095, 4095,
 2708, 4095, 4095,
 2768, 4095, 4095,
 2864, 4095, 4095,
 2939, 4095, 4095,
 3031, 4095, 4095,
 4095, 4095,    0,
 4095, 4095,    0,
 4095, 4095,    0,
 4095, 4095,   54,
 4095, 4095,  351,
 4095, 4095,  988,
 4095, 4095, 1446,
 4095, 4095, 1873,
 4095, 4095, 2288,
 4095, 4095, 4095,
 4095, 4095, 4095,
 2693, 4095, 4095,
 2753, 4095, 4095,
 2843, 4095, 4095,
 2955, 4095, 4095,
 3033, 4095, 4095,
 3119, 4095, 4095,
 4095, 4095,   13,
 4095, 4095,  117,
 4095, 4095,  702,
 4095, 4095, 1101,
 4095, 4095, 1406,
 4095, 4095, 1682,
 4095, 4095, 1954,
 4095, 4095, 2233,
 4095, 4095, 2525,
 4095, 4095, 4095,
 4095, 4095, 4095,
 2835, 4095, 4095,
 2918, 4095, 4095,
 3010, 4095, 4095,
 3113, 4095, 4095,
 3190, 4095, 4095,
 3272, 4095, 4095,
 3222, 4095,  916,
 4095, 4095, 1242,
 4095, 4095, 1514,
 4095, 4095, 1752,
 4095, 4095, 1973,
 4095, 4095, 2182,
 4095, 4095, 2387,
 4095, 4095, 4095,
 4095, 4095, 4095,
 4095, 4095, 4095,
 4095, 4095, 4095,
 4095, 4095, 4095,
 4095, 4095, 4095,
 3236, 4095, 4095,
 3327, 4095, 4095,
 3387, 4095, 4095,
 3455, 4095, 4095,
 4095,    0,    0,
 4095,    0,    0,
 4095,    0,  192,
 4095,    0,  449,
 4095,    0,  713,
 4095,    0,  982,
 4095,    0, 1247,
 4095,    0, 1498,
 4095,    0, 1731,
 4095,    0, 1950,
 2688,    0, 2147,
 2624,    0, 2330,
 2557,    0, 2492,
 2481,    0, 2622,
 2402,    0, 2733,
 2281,    0, 2812,
 2174,    0, 4095,
 4095,    0,    0,
 4095,    0,    0,
 4095,    0,  150,
 4095,    0,  456,
 4095,    0,  770,
 4095,    0, 1083,
 4095,    0, 1387,
 4095,    0, 1679,
 4095,    0, 1948,
 4095,    0, 2197,
 4095,    0, 2414,
 2944,    0, 2612,
 2862,    0, 2784,
 2772,    0, 2927,
 2687,    0, 4095,
 2554,    0, 4095,
 2438,    0, 4095,
 4095,    0,    0,
 4095,    0,    0,
 4095,    0,   99,
 4095,    0,  457,
 4095,    0,  826,
 4095,    0, 1183,
 4095,    0, 1530,
 4095,    0, 1866,
 4095,    0, 2175,
 4095,    0, 2458,
 4095,    0, 2704,
 4095,    0, 2925,
 3206,    0, 4095,
 3103,    0, 4095,
 3008,    0, 4095,
 2859,    0, 4095,
 2729,    0, 4095,
 4095,    0,    0,
 4095,    0,    0,
 4095,    0,   21,
 4095,    0,  423,
 4095,    0,  851,
 4095,    0, 1257,
 4095,    0, 1651,
 4095,    0, 2031,
 4095,    0, 2381,
 4095,    0, 2698,
 4095,    0, 4095,
 4095,    0, 4095,
 4095,    0, 4095,
 3409,    0, 4095,
 3311,    0, 4095,
 3159,    0, 4095,
 3026,    0, 4095,
 4095,  479,    0,
 4095,  354,    0,
 4095,  229,    0,
 4095,   31,  318,
 4095,    0,  835,
 4095,    0, 1288,
 4095,    0, 1726,
 4095,    0, 2143,
 4095,    0, 2539,
 4095,    0, 2902,
 4095,    0, 4095,
 4095,    0, 4095,
 4095,    0, 4095,
 4095,    0, 4095,
 3605,    0, 4095,
 3450,    0, 4095,
 3321,    0, 4095,
 4095, 1132,    0,
 4095, 1077,    0,
 4095, 1006,    0,
 4095,  921,  134,
 4095,  803,  761,
 4095,  589, 1263,
 4095,  367, 1727,
 4095,   48, 2168,
 4095,    0, 2595,
 4095,    0, 4095,
 4095,    0, 4095,
 4095,    0, 4095,
 4095,    0, 4095,
 4095,    0, 4095,
 4095,    0, 4095,
 3728,    0, 4095,
 3589,    0, 4095,
 4095, 4095,    0,
 4095, 4095,    0,
 4095, 4095,    0,
 4095, 1549,    0,
 4095, 1486,  586,
 4095, 1399, 1182,
 4095, 1273, 1678,
 4095, 1080, 2142,
 4095,  704, 2590,
 4095,  295, 4095,
 4095,    0, 4095,
 4095,    0, 4095,
 4095,    0, 4095,
 4095,    0, 4095,
 4095,    0, 4095,
 4095,    0, 4095,
 3796,    0, 4095,
 4095, 4095,    0,
 4095, 4095,    0,
 4095, 4095,    0,
 4095, 4095,    0,
 4095, 4095,  293,
 4095, 4095, 1049,
 4095, 4095, 1603,
 4095, 4095, 2098,
 4095, 1656, 2573,
 4095, 1437, 4095,
 4095, 1068, 4095,
 4095,  487, 4095,
 4095,  262, 4095,
 4095,  355, 4095,
 4095,  449, 4095,
 4095,  548, 4095,
 3912,  822, 4095,
 4095, 4095,    0,
 4095, 4095,    0,
 4095, 4095,    0,
 4095, 4095,    0,
 4095, 4095,    1,
 4095, 4095,  814,
 4095, 4095, 1480,
 4095, 4095, 2023,
 4095, 4095, 2523,
 4095, 4095, 4095,
 4095, 2047, 4095,
 4095, 1776, 4095,
 4095, 1618, 4095,
 4095, 1653, 4095,
 4095, 1701, 4095,
 4095, 1790, 4095,
 3934, 1899, 4095,
 4095, 4095,    0,
 4095, 4095,    0,
 4095, 4095,    0,
 4095, 4095,    0,
 4095, 4095,    0,
 4095, 4095,  426,
 4095, 4095, 1303,
 4095, 4095, 1924,
 4095, 4095, 2483,
 4095, 4095, 4095,
 4095, 4095, 4095,
 4095, 4095, 4095,
 4095, 4095, 4095,
 4095, 4095, 4095,
 4095, 4095, 4095,
 4095, 4095, 4095,
 3919, 4095, 4095,
 4095, 4095,    0,
 4095, 4095,    0,
 4095, 4095,    0,
 4095, 4095,    0,
 4095, 4095,    0,
 4095, 4095,   66,
 4095, 4095, 1078,
 4095, 4095, 1794,
 4095, 4095, 2408,
 4095, 4095, 4095,
 4095, 4095, 4095,
 4095, 4095, 4095,
 4095, 4095, 4095,
 4095, 4095, 4095,
 4095, 4095, 4095,
 4095, 4095, 4095,
 3811, 4095, 4095,
 4095, 4095,    0,
 4095, 4095,    0,
 4095, 4095,    0,
 4095, 4095,    0,
 4095, 4095,    0,
 4095, 4095,    0,
 4095, 4095,  798,
 4095, 4095, 1627,
 4095, 4095, 2254,
 4095, 4095, 2790,
 4095, 4095, 4095,
 4095, 4095, 4095,
 4095, 4095, 4095,
 4095, 4095, 4095,
 4095, 4095, 4095,
 3667, 4095, 4095,
 3658, 4095, 4095,
 4095, 4095,    0,
 4095, 4095,    0,
 4095, 4095,    0,
 4095, 4095,    0,
 4095, 4095,    0,
 4095, 4095,    0,
 4095, 4095,  628,
 4095, 4095, 1539,
 4095, 4095, 2137,
 4095, 4095, 2672,
 4095, 4095, 4095,
 4095, 4095, 4095,
 4095, 4095, 4095,
 4095, 4095, 4095,
 3489, 4095, 4095,
 3505, 4095, 4095,
 3531, 4095, 4095,
 4095, 4095,    0,
 4095, 4095,    0,
 4095, 4095,    0,
 4095, 4095,    0,
 4095, 4095,    4,
 4095, 4095,  180,
 4095, 4095, 1081,
 4095, 4095, 1704,
 4095, 4095, 2207,
 4095, 4095, 2665,
 4095, 4095, 4095,
 4095, 4095, 4095,
 4095, 4095, 4095,
 3303, 4095, 4095,
 3364, 4095, 4095,
 3403, 4095, 4095,
 3452, 4095, 4095,
 4095, 4095,    0,
 4095, 4095,    0,
 4095, 4095,   46,
 4095, 4095,  192,
 4095, 4095,  793,
 4095, 4095, 1234,
 4095, 4095, 1614,
 4095, 4095, 2003,
 4095, 4095, 2390,
 4095, 4095, 2766,
 4095, 4095, 4095,
 4095, 4095, 4095,
 4095, 4095, 4095,
 3292, 4095, 4095,
 3361, 4095, 4095,
 3411, 4095, 4095,
 3468, 4095, 4095,
 4095, 4095,  118,
 4095, 4095,  663,
 4095, 4095, 1068,
 4095, 4095, 1362,
 4095, 4095, 1614,
 4095, 4095, 1851,
 4095, 4095, 2094,
 4095, 4095, 2345,
 4095, 4095, 2621,
 4095, 4095, 4095,
 4095, 4095, 4095,
 4095, 4095, 4095,
 4095, 4095, 4095,
 4095, 4095, 4095,
 3443, 4095, 4095,
 3500, 4095, 4095,
 3567, 4095, 4095,
 3496, 4095, 1240,
 4095, 4095, 1501,
 4095, 4095, 1731,
 4095, 4095, 1944,
 4095, 4095, 2145,
 4095, 4095, 2330,
 4095, 4095, 2513,
 4095, 4095, 2706,
 4095, 4095, 4095,
 4095, 4095, 4095,
 4095, 4095, 4095,
 4095, 4095, 4095,
 4095, 4095, 4095,
 4095, 4095, 4095,
 3587, 4095, 4095,
 3643, 4095, 4095,
 3703, 4095, 4095,
 2399,    0,    0,
 4095,    0,    0,
 4095,    0,  192,
 4095,    0,  447,
 4095,    0,  709,
 4095,    0,  971,
 4095,    0, 1231,
 4095,    0, 1476,
 4095,    0, 1705,
 4095,    0, 1924,
 4095,    0, 2123,
 2844,    0, 2306,
 2780,    0, 2468,
 2706,    0, 2603,
 2633,    0, 2723,
 2513,    0, 2808,
 2403,    0, 2881,
 4095,    0,    0,
 4095,    0,    0,
 4095,    0,  179,
 4095,    0,  479,
 4095,    0,  782,
 4095,    0, 1082,
 4095,    0, 1375,
 4095,    0, 1657,
 4095,    0, 1920,
 4095,    0, 2163,
 4095,    0, 2381,
 4095,    0, 2580,
 3116,    0, 2758,
 3031,    0, 2914,
 2949,    0, 3052,
 2814,    0, 3143,
 2694,    0, 4095,
 4095,    0,    0,
 4095,    0,    0,
 4095,    0,  150,
 4095,    0,  510,
 4095,    0,  859,
 4095,    0, 1196,
 4095,    0, 1522,
 4095,    0, 1843,
 4095,    0, 2143,
 4095,    0, 2417,
 4095,    0, 2663,
 4095,    0, 2888,
 4095,    0, 3087,
 3394,    0, 4095,
 3298,    0, 4095,
 3144,    0, 4095,
 3008,    0, 4095,
 4095,    0,    0,
 4095,    0,    0,
 4095,    0,   93,
 4095,    0,  513,
 4095,    0,  906,
 4095,    0, 1285,
 4095,    0, 1657,
 4095,    0, 2015,
 4095,    0, 2353,
 4095,    0, 2657,
 4095,    0, 2926,
 4095,    0, 4095,
 4095,    0, 4095,
 4095,    0, 4095,
 3625,    0, 4095,
 3469,    0, 4095,
 3330,    0, 4095,
 4095,  518,    0,
 4095,  383,    0,
 4095,  261,    9,
 4095,   39,  460,
 4095,    0,  913,
 4095,    0, 1335,
 4095,    0, 1753,
 4095,    0, 2151,
 4095,    0, 2530,
 4095,    0, 2867,
 4095,    0, 4095,
 4095,    0, 4095,
 4095,    0, 4095,
 4095,    0, 4095,
 4095,    0, 4095,
 3785,    0, 4095,
 3645,    0, 4095,
 4095, 1169,    0,
 4095, 1113,    0,
 4095, 1041,    0,
 4095,  927,  305,
 4095,  771,  859,
 4095,  523, 1322,
 4095,  295, 1766,
 4095,    0, 2188,
 4095,    0, 2598,
 4095,    0, 2988,
 4095,    0, 4095,
 4095,    0, 4095,
 4095,    0, 4095,
 4095,    0, 4095,
 4095,    0, 4095,
 4095,    0, 4095,
 3918,    0, 4095,
 4095, 4095,    0,
 4095, 4095,    0,
 4095, 4095,    0,
 4095, 1549,   56,
 4095, 1469,  719,
 4095, 1370, 1251,
 4095, 1236, 1722,
 4095, 1032, 2166,
 4095,  655, 2598,
 4095,  251, 3030,
 4095,    0, 4095,
 4095,    0, 4095,
 4095,    0, 4095,
 4095,    0, 4095,
 4095,    0, 4095,
 4095,    0, 4095,
 4045,    0, 4095,
 4095, 4095,    0,
 4095, 4095,    0,
 4095, 4095,    0,
 4095, 4095,    0,
 4095, 4095,  442,
 4095, 4095, 1130,
 4095, 4095, 1651,
 4095, 4095, 2125,
 4095, 1625, 2581,
 4095, 1419, 3052,
 4095, 1073, 4095,
 4095,  508, 4095,
 4095,  259, 4095,
 4095,  359, 4095,
 4095,  471, 4095,
 4095,  591, 4095,
 4023,  974, 4095,
 4095, 4095,    0,
 4095, 4095,    0,
 4095, 4095,    0,
 4095, 4095,    0,
 4095, 4095,   86,
 4095, 4095,  930,
 4095, 4095, 1536,
 4095, 4095, 2047,
 4095, 4095, 2527,
 4095, 4095, 3031,
 4095, 2043, 4095,
 4095, 1772, 4095,
 4095, 1593, 4095,
 4095, 1649, 4095,
 4095, 1720, 4095,
 4095, 1828, 4095,
 3999, 1957, 4095,
 4095, 4095,    0,
 4095, 4095,    0,
 4095, 4095,    0,
 4095, 4095,    0,
 4095, 4095,    0,
 4095, 4095,  600,
 4095, 4095, 1388,
 4095, 4095, 1965,
 4095, 4095, 2500,
 4095, 4095, 3006,
 4095, 4095, 4095,
 4095, 4095, 4095,
 4095, 4095, 4095,
 4095, 4095, 4095,
 4095, 4095, 4095,
 4095, 4095, 4095,
 4015, 4095, 4095,
 4095, 4095,    0,
 4095, 4095,    0,
 4095, 4095,    0,
 4095, 4095,    0,
 4095, 4095,    0,
 4095, 4095,  267,
 4095, 4095, 1205,
 4095, 4095, 1852,
 4095, 4095, 2440,
 4095, 4095, 2945,
 4095, 4095, 4095,
 4095, 4095, 4095,
 4095, 4095, 4095,
 4095, 4095, 4095,
 4095, 4095, 4095,
 4095, 4095, 4095,
 4031, 4095, 4095,
 4095, 4095,    0,
 4095, 4095,    0,
 4095, 4095,    0,
 4095, 4095,    0,
 4095, 4095,    0,
 4095, 4095,   25,
 4095, 4095, 1025,
 4095, 4095, 1722,
 4095, 4095, 2296,
 4095, 4095, 2818,
 4095, 4095, 4095,
 4095, 4095, 4095,
 4095, 4095, 4095,
 4095, 4095, 4095,
 4095, 4095, 4095,
 4095, 4095, 4095,
 4007, 4095, 4095,
 4065, 4095,    0,
 4095, 4095,    0,
 4095, 4095,    0,
 4095, 4095,    0,
 4095, 4095,    0,
 4095, 4095,   44,
 4095, 4095, 1008,
 4095, 4095, 1690,
 4095, 4095, 2218,
 4095, 4095, 2728,
 4095, 4095, 4095,
 4095, 4095, 4095,
 4095, 4095, 4095,
 4095, 4095, 4095,
 4095, 4095, 4095,
 4095, 4095, 4095,
 3890, 4095, 4095,
 4095, 4095,    0,
 4095, 4095,    0,
 4095, 4095,    0,
 4095, 4095,   10,
 4095, 4095,  109,
 4095, 4095,  668,
 4095, 4095, 1351,
 4095, 4095, 1863,
 4095, 4095, 2310,
 4095, 4095, 2739,
 4095, 4095, 4095,
 4095, 4095, 4095,
 4095, 4095, 4095,
 4095, 4095, 4095,
 4095, 4095, 4095,
 3755, 4095, 4095,
 3785, 4095, 4095,
 4095, 4095,    5,
 4095, 4095,   60,
 4095, 4095,  269,
 4095, 4095,  842,
 4095, 4095, 1201,
 4095, 4095, 1515,
 4095, 4095, 1828,
 4095, 4095, 2169,
 4095, 4095, 2520,
 4095, 4095, 2861,
 4095, 4095, 4095,
 4095, 4095, 4095,
 4095, 4095, 4095,
 4095, 4095, 4095,
 4095, 4095, 4095,
 3708, 4095, 4095,
 3758, 4095, 4095,
 4095, 4095,  756,
 4095, 4095, 1120,
 4095, 4095, 1397,
 4095, 4095, 1635,
 4095, 4095, 1849,
 4095, 4095, 2056,
 4095, 4095, 2269,
 4095, 4095, 2495,
 4095, 4095, 2746,
 4095, 4095, 3016,
 4095, 4095, 4095,
 4095, 4095, 4095,
 4095, 4095, 4095,
 4095, 4095, 4095,
 4095, 4095, 4095,
 3752, 4095, 4095,
 3808, 4095, 4095,
 3729, 4095, 1538,
 4095, 4095, 1757,
 4095, 4095, 1959,
 4095, 4095, 2153,
 4095, 4095, 2338,
 4095, 4095, 2502,
 4095, 4095, 2664,
 4095, 4095, 2836,
 4095, 4095, 3012,
 4095, 4095, 4095,
 4095, 4095, 4095,
 4095, 4095, 4095,
 4095, 4095, 4095,
 4095, 4095, 4095,
 4095, 4095, 4095,
 4095, 4095, 4095,
 3907, 4095, 4095,
 4095,    0,    0,
 4095,    0,    0,
 4095,    0,  202,
 4095,    0,  456,
 4095,    0,  713,
 4095,    0,  969,
 4095,    0, 1220,
 4095,    0, 1462,
 4095,    0, 1690,
 4095,    0, 1905,
 4095,    0, 2101,
 4095,    0, 2284,
 2993,    0, 2450,
 2924,    0, 2598,
 2857,    0, 2733,
 2734,    0, 2831,
 2624,    0, 2915,
 4095,    0,    0,
 4095,    0,    0,
 4095,    0,  220,
 4095,    0,  517,
 4095,    0,  809,
 4095,    0, 1095,
 4095,    0, 1373,
 4095,    0, 1646,
 4095,    0, 1905,
 4095,    0, 2142,
 4095,    0, 2358,
 4095,    0, 2560,
 4095,    0, 2746,
 3278,    0, 2908,
 3200,    0, 3057,
 3060,    0, 3160,
 2937,    0, 3253,
 4095,    0,    0,
 4095,    0,    0,
 4095,    0,  234,
 4095,    0,  579,
 4095,    0,  908,
 4095,    0, 1223,
 4095,    0, 1528,
 4095,    0, 1836,
 4095,    0, 2129,
 4095,    0, 2396,
 4095,    0, 2641,
 4095,    0, 2867,
 4095,    0, 3072,
 4095,    0, 3252,
 3576,    0, 3412,
 3415,    0, 4095,
 3271,    0, 4095,
 4095,    0,    0,
 4095,    0,    0,
 4095,    0,  214,
 4095,    0,  621,
 4095,    0,  985,
 4095,    0, 1335,
 4095,    0, 1677,
 4095,    0, 2017,
 4095,    0, 2341,
 4095,    0, 2636,
 4095,    0, 2907,
 4095,    0, 3151,
 4095,    0, 3367,
 4095,    0, 4095,
 4095,    0, 4095,
 3756,    0, 4095,
 3613,    0, 4095,
 4095,  602,    0,
 4095,  455,    0,
 4095,  332,  138,
 4095,  139,  621,
 4095,    1, 1025,
 4095,    0, 1411,
 4095,    0, 1793,
 4095,    0, 2165,
 4095,    0, 2523,
 4095,    0, 2853,
 4095,    0, 3153,
 4095,    0, 4095,
 4095,    0, 4095,
 4095,    0, 4095,
 4095,    0, 4095,
 4095,    0, 4095,
 3935,    0, 4095,
 4095, 1224,    0,
 4095, 1163,    0,
 4095, 1087,   19,
 4095,  974,  534,
 4095,  822,  998,
 4095,  576, 1414,
 4095,  375, 1824,
 4095,   67, 2228,
 4095,    0, 2623,
 4095,    0, 3001,
 4095,    0, 3348,
 4095,    0, 4095,
 4095,    0, 4095,
 4095,    0, 4095,
 4095,    0, 4095,
 4095,    0, 4095,
 4083,    0, 4095,
 4095, 4095,    0,
 4095, 4095,    0,
 4095, 4095,    0,
 4095, 4095,  318,
 4095, 1512,  898,
 4095, 1428, 1357,
 4095, 1309, 1796,
 4095, 1129, 2227,
 4095,  809, 2655,
 4095,  411, 3073,
 4095,   14, 4095,
 4095,    0, 4095,
 4095,    0, 4095,
 4095,    0, 4095,
 4095,    0, 4095,
 4095,    0, 4095,
 4071,    0, 4095,
 4095, 4095,    0,
 4095, 4095,    0,
 4095, 4095,    0,
 4095, 4095,   39,
 4095, 4095,  706,
 4095, 4095, 1259,
 4095, 4095, 1742,
 4095, 4095, 2203,
 4095, 1692, 2655,
 4095, 1503, 3109,
 4095, 1220, 4095,
 4095,  711, 4095,
 4095,  410, 4095,
 4095,  490, 4095,
 4095,  585, 4095,
 4095,  863, 4095,
 4035, 1167, 4095,
 4095, 4095,    0,
 4095, 4095,    0,
 4095, 4095,    0,
 4095, 4095,    0,
 4095, 4095,  359,
 4095, 4095, 1102,
 4095, 4095, 1653,
 4095, 4095, 2147,
 4095, 4095, 2618,
 4095, 4095, 3096,
 4095, 4095, 4095,
 4095, 1860, 4095,
 4095, 1692, 4095,
 4095, 1757, 4095,
 4095, 1837, 4095,
 4095, 1936, 4095,
 3999, 4095, 4095,
 4095, 4095,    0,
 4095, 4095,    0,
 4095, 4095,    0,
 4095, 4095,    0,
 4095, 4095,   31,
 4095, 4095,  885,
 4095, 4095, 1527,
 4095, 4095, 2064,
 4095, 4095, 2561,
 4095, 4095, 3044,
 4095, 4095, 4095,
 4095, 4095, 4095,
 4095, 4095, 4095,
 4095, 4095, 4095,
 4095, 4095, 4095,
 4095, 4095, 4095,
 4019, 4095, 4095,
 4095, 4095,    0,
 4095, 4095,    0,
 4095, 4095,    0,
 4095, 4095,    0,
 4095, 4095,    0,
 4095, 4095,  580,
 4095, 4095, 1377,
 4095, 4095, 1949,
 4095, 4095, 2470,
 4095, 4095, 2946,
 4095, 4095, 4095,
 4095, 4095, 4095,
 4095, 4095, 4095,
 4095, 4095, 4095,
 4095, 4095, 4095,
 4095, 4095, 4095,
 4039, 4095, 4095,
 4095, 4095,    0,
 4095, 4095,    0,
 4095, 4095,    0,
 4095, 4095,    0,
 4095, 4095,    0,
 4095, 4095,  431,
 4095, 4095, 1286,
 4095, 4095, 1875,
 4095, 4095, 2386,
 4095, 4095, 2863,
 4095, 4095, 3300,
 4095, 4095, 4095,
 4095, 4095, 4095,
 4095, 4095, 4095,
 4095, 4095, 4095,
 4095, 4095, 4095,
 4067, 4095, 4095,
 4095, 4095,    0,
 4095, 4095,    0,
 4095, 4095,    0,
 4095, 4095,    0,
 4095, 4095,   27,
 4095, 4095,  599,
 4095, 4095, 1364,
 4095, 4095, 1908,
 4095, 4095, 2374,
 4095, 4095, 2825,
 4095, 4095, 3246,
 4095, 4095, 4095,
 4095, 4095, 4095,
 4095, 4095, 4095,
 4095, 4095, 4095,
 4095, 4095, 4095,
 4087, 4095, 4095,
 4095, 4095,    0,
 4095, 4095,    0,
 4095, 4095,   33,
 4095, 4095,  201,
 4095, 4095,  735,
 4095, 4095, 1225,
 4095, 4095, 1656,
 4095, 4095, 2083,
 4095, 4095, 2486,
 4095, 4095, 2870,
 4095, 4095, 3237,
 4095, 4095, 4095,
 4095, 4095, 4095,
 4095, 4095, 4095,
 4095, 4095, 4095,
 4095, 4095, 4095,
 4000, 4095, 4095,
 4095, 4095,  133,
 4095, 4095,  579,
 4095, 4095, 1025,
 4095, 4095, 1318,
 4095, 4095, 1571,
 4095, 4095, 1827,
 4095, 4095, 2095,
 4095, 4095, 2391,
 4095, 4095, 2705,
 4095, 4095, 3011,
 4095, 4095, 3299,
 4095, 4095, 4095,
 4095, 4095, 4095,
 4095, 4095, 4095,
 4095, 4095, 4095,
 4095, 4095, 4095,
 3941, 4095, 4095,
 4095, 4095, 1236,
 4095, 4095, 1495,
 4095, 4095, 1721,
 4095, 4095, 1927,
 4095, 4095, 2116,
 4095, 4095, 2307,
 4095, 4095, 2501,
 4095, 4095, 2704,
 4095, 4095, 2931,
 4095, 4095, 3172,
 4095, 4095, 4095,
 4095, 4095, 4095,
 4095, 4095, 4095,
 4095, 4095, 4095,
 4095, 4095, 4095,
 4095, 4095, 4095,
 3949, 4095, 4095,
 3921, 4095, 1838,
 4095, 4095, 2034,
 4095, 4095, 2218,
 4095, 4095, 2395,
 4095, 4095, 2563,
 4095, 4095, 2717,
 4095, 4095, 2868,
 4095, 4095, 3025,
 4095, 4095, 3185,
 4095, 4095, 4095,
 4095, 4095, 4095,
 4095, 4095, 4095,
 4095, 4095, 4095,
 4095, 4095, 4095,
 4095, 4095, 4095,
 4095, 4095, 4095,
 4004, 4095, 4095,
 4095,    0,    0,
 4095,    0,    9,
 4095,    0,  225,
 4095,    0,  477,
 4095,    0,  728,
 4095,    0,  977,
 4095,    0, 1219,
 4095,    0, 1456,
 4095,    0, 1681,
 4095,    0, 1890,
 4095,    0, 2083,
 4095,    0, 2269,
 3199,    0, 2441,
 3134,    0, 2599,
 3071,    0, 2743,
 2947,    0, 2852,
 2835,    0, 2947,
 4095,    0,    0,
 4095,    0,   24,
 4095,    0,  277,
 4095,    0,  565,
 4095,    0,  847,
 4095,    0, 1119,
 4095,    0, 1384,
 4095,    0, 1648,
 4095,    0, 1900,
 4095,    0, 2132,
 4095,    0, 2347,
 4095,    0, 2551,
 4095,    0, 2740,
 3517,    0, 2909,
 3439,    0, 3062,
 3296,    0, 3181,
 3167,    0, 3284,
 4095,    0,    0,
 4095,    0,   32,
 4095,    0,  334,
 4095,    0,  660,
 4095,    0,  969,
 4095,    0, 1264,
 4095,    0, 1548,
 4095,    0, 1844,
 4095,    0, 2131,
 4095,    0, 2390,
 4095,    0, 2631,
 4095,    0, 2857,
 4095,    0, 3064,
 4095,    0, 3244,
 4095,    0, 3405,
 3670,    0, 3535,
 3518,    0, 3646,
 4095,    0,    0,
 4095,    0,    9,
 4095,    0,  373,
 4095,    0,  739,
 4095,    0, 1075,
 4095,    0, 1397,
 4095,    0, 1713,
 4095,    0, 2033,
 4095,    0, 2343,
 4095,    0, 2631,
 4095,    0, 2897,
 4095,    0, 3139,
 4095,    0, 3357,
 4095,    0, 3555,
 4095,    0, 4095,
 4095,    0, 4095,
 3871,    0, 4095,
 4095,  701,    0,
 4095,  580,    1,
 4095,  421,  365,
 4095,  279,  781,
 4095,   41, 1146,
 4095,    0, 1497,
 4095,    0, 1846,
 4095,    0, 2191,
 4095,    0, 2527,
 4095,    0, 2847,
 4095,    0, 3144,
 4095,    0, 3406,
 4095,    0, 3637,
 4095,    0, 4095,
 4095,    0, 4095,
 4095,    0, 4095,
 4087,    0, 4095,
 4095, 1291,    0,
 4095, 1230,    0,
 4095, 1151,  263,
 4095, 1055,  753,
 4095,  945, 1149,
 4095,  789, 1525,
 4095,  544, 1899,
 4095,  314, 2277,
 4095,   12, 2652,
 4095,    0, 3010,
 4095,    0, 3346,
 4095,    0, 3649,
 4095,    0, 4095,
 4095,    0, 4095,
 4095,    0, 4095,
 4095,    0, 4095,
 4095,    0, 4095,
 4095, 4095,    0,
 4095, 4095,    0,
 4095, 4095,   65,
 4095, 4095,  649,
 4095, 4095, 1092,
 4095, 1525, 1492,
 4095, 1420, 1891,
 4095, 1263, 2300,
 4095, 1032, 2714,
 4095,  642, 3109,
 4095,  236, 3485,
 4095,    0, 4095,
 4095,    0, 4095,
 4095,    0, 4095,
 4095,    0, 4095,
 4095,    0, 4095,
 4095,   34, 4095,
 4095, 4095,    0,
 4095, 4095,    0,
 4095, 4095,    4,
 4095, 4095,  431,
 4095, 4095,  985,
 4095, 4095, 1428,
 4095, 4095, 1861,
 4095, 4095, 2297,
 4095, 1783, 2733,
 4095, 1613, 3160,
 4095, 1390, 3569,
 4095, 1069, 4095,
 4095,  612, 4095,
 4095,  673, 4095,
 4095,  981, 4095,
 4095, 1222, 4095,
 4047, 1424, 4095,
 4095, 4095,    0,
 4095, 4095,    0,
 4095, 4095,    0,
 4095, 4095,  108,
 4095, 4095,  801,
 4095, 4095, 1323,
 4095, 4095, 1802,
 4095, 4095, 2265,
 4095, 4095, 2718,
 4095, 4095, 3164,
 4095, 4095, 3591,
 4095, 1972, 4095,
 4095, 1820, 4095,
 4095, 1891, 4095,
 4095, 4095, 4095,
 4095, 4095, 4095,
 3999, 4095, 4095,
 4095, 4095,    0,
 4095, 4095,    0,
 4095, 4095,    0,
 4095, 4095,   11,
 4095, 4095,  536,
 4095, 4095, 1184,
 4095, 4095, 1700,
 4095, 4095, 2182,
 4095, 4095, 2643,
 4095, 4095, 3090,
 4095, 4095, 3512,
 4095, 4095, 4095,
 4095, 4095, 4095,
 4095, 4095, 4095,
 4095, 4095, 4095,
 4095, 4095, 4095,
 4023, 4095, 4095,
 4095, 4095,    0,
 4095, 4095,    0,
 4095, 4095,    0,
 4095, 4095,    0,
 4095, 4095,  316,
 4095, 4095, 1038,
 4095, 4095, 1584,
 4095, 4095, 2076,
 4095, 4095, 2536,
 4095, 4095, 2973,
 4095, 4095, 3380,
 4095, 4095, 4095,
 4095, 4095, 4095,
 4095, 4095, 4095,
 4095, 4095, 4095,
 4095, 4095, 4095,
 4047, 4095, 4095,
 4095, 4095,    0,
 4095, 4095,    0,
 4095, 4095,    0,
 4095, 4095,    7,
 4095, 4095,  317,
 4095, 4095, 1026,
 4095, 4095, 1573,
 4095, 4095, 2064,
 4095, 4095, 2512,
 4095, 4095, 2934,
 4095, 4095, 3325,
 4095, 4095, 4095,
 4095, 4095, 4095,
 4095, 4095, 4095,
 4095, 4095, 4095,
 4095, 4095, 4095,
 4071, 4095, 4095,
 4095, 4095,    0,
 4095, 4095,    0,
 4095, 4095,   12,
 4095, 4095,  165,
 4095, 4095,  771,
 4095, 4095, 1264,
 4095, 4095, 1711,
 4095, 4095, 2145,
 4095, 4095, 2553,
 4095, 4095, 2941,
 4095, 4095, 3305,
 4095, 4095, 4095,
 4095, 4095, 4095,
 4095, 4095, 4095,
 4095, 4095, 4095,
 4095, 4095, 4095,
 4095, 4095, 4095,
 4095, 4095,   11,
 4095, 4095,  159,
 4095, 4095,  596,
 4095, 4095, 1045,
 4095, 4095, 1365,
 4095, 4095, 1671,
 4095, 4095, 1992,
 4095, 4095, 2338,
 4095, 4095, 2688,
 4095, 4095, 3022,
 4095, 4095, 3335,
 4095, 4095, 3596,
 4095, 4095, 4095,
 4095, 4095, 4095,
 4095, 4095, 4095,
 4095, 4095, 4095,
 4094, 4095, 4095,
 4095, 4095,  882,
 4095, 4095, 1221,
 4095, 4095, 1487,
 4095, 4095, 1715,
 4095, 4095, 1923,
 4095, 4095, 2147,
 4095, 4095, 2383,
 4095, 4095, 2633,
 4095, 4095, 2908,
 4095, 4095, 3177,
 4095, 4095, 3426,
 4095, 4095, 4095,
 4095, 4095, 4095,
 4095, 4095, 4095,
 4095, 4095, 4095,
 4095, 4095, 4095,
 4054, 4095, 4095,
 4095, 4095, 1619,
 4095, 4095, 1836,
 4095, 4095, 2034,
 4095, 4095, 2219,
 4095, 4095, 2392,
 4095, 4095, 2568,
 4095, 4095, 2749,
 4095, 4095, 2930,
 4095, 4095, 3130,
 4095, 4095, 3340,
 4095, 4095, 3536,
 4095, 4095, 4095,
 4095, 4095, 4095,
 4095, 4095, 4095,
 4095, 4095, 4095,
 4095, 4095, 4095,
 4036, 4095, 4095,
 4071, 4095, 2131,
 4095, 4095, 2312,
 4095, 4095, 2482,
 4095, 4095, 2644,
 4095, 4095, 2797,
 4095, 4095, 2943,
 4095, 4095, 3085,
 4095, 4095, 3227,
 4095, 4095, 3370,
 4095, 4095, 3526,
 4095, 4095, 4095,
 4095, 4095, 4095,
 4095, 4095, 4095,
 4095, 4095, 4095,
 4095, 4095, 4095,
 4095, 4095, 4095,
 4062, 4091, 4095,
 4095,    0,    0,
 4095,    0,   38,
 4095,    0,  248,
 4095,    0,  484,
 4095,    0,  717,
 4095,    0,  950,
 4095,    0, 1178,
 4095,    0, 1402,
 4095,    0, 1616,
 4095,    0, 1820,
 4095,    0, 2011,
 4095,    0, 2194,
 4095,    0, 2366,
 3279,    0, 2527,
 3220,    0, 2675,
 3123,    0, 2803,
 3033,    0, 2918,
 4095,    0,    0,
 4095,    0,   75,
 4095,    0,  329,
 4095,    0,  594,
 4095,    0,  853,
 4095,    0, 1105,
 4095,    0, 1353,
 4095,    0, 1598,
 4095,    0, 1835,
 4095,    0, 2057,
 4095,    0, 2270,
 4095,    0, 2471,
 4095,    0, 2659,
 4095,    0, 2831,
 3608,    0, 2992,
 3489,    0, 3127,
 3384,    0, 3253,
 4095,    0,    0,
 4095,    0,  109,
 4095,    0,  423,
 4095,    0,  715,
 4095,    0,  994,
 4095,    0, 1265,
 4095,    0, 1531,
 4095,    0, 1801,
 4095,    0, 2064,
 4095,    0, 2312,
 4095,    0, 2546,
 4095,    0, 2767,
 4095,    0, 2972,
 4095,    0, 3158,
 4095,    0, 3328,
 3882,    0, 3476,
 3750,    0, 3608,
 4095,    4,    0,
 4095,    0,  134,
 4095,    0,  507,
 4095,    0,  822,
 4095,    0, 1122,
 4095,    0, 1414,
 4095,    0, 1705,
 4095,    0, 1996,
 4095,    0, 2282,
 4095,    0, 2554,
 4095,    0, 2811,
 4095,    0, 3051,
 4095,    0, 3271,
 4095,    0, 3472,
 4095,    0, 3655,
 4095,    0, 3806,
 4065,    0, 4095,
 4095,  767,    0,
 4095,  679,  127,
 4095,  549,  558,
 4095,  391,  900,
 4095,  212, 1221,
 4095,    5, 1535,
 4095,    0, 1850,
 4095,    0, 2164,
 4095,    0, 2474,
 4095,    0, 2773,
 4095,    0, 3056,
 4095,    0, 3316,
 4095,    0, 3550,
 4095,    0, 3766,
 4095,    0, 4095,
 4095,    0, 4095,
 4095,    0, 4095,
 4095, 4095,    0,
 4095, 1275,   41,
 4095, 1218,  548,
 4095, 1150,  926,
 4095, 1077, 1267,
 4095,  967, 1600,
 4095,  799, 1936,
 4095,  528, 2276,
 4095,  267, 2618,
 4095,    6, 2948,
 4095,    0, 3264,
 4095,    0, 3553,
 4095,    0, 3810,
 4095,    0, 4095,
 4095,    0, 4095,
 4095,    0, 4095,
 4091,    0, 4095,
 4095, 4095,    0,
 4095, 4095,    6,
 4095, 4095,  470,
 4095, 4095,  901,
 4095, 4095, 1261,
 4095, 4095, 1611,
 4095, 1522, 1968,
 4095, 1393, 2336,
 4095, 1222, 2708,
 4095,  984, 3070,
 4095,  600, 3416,
 4095,  291, 3737,
 4095,   16, 4095,
 4095,    0, 4095,
 4095,   10, 4095,
 4095,  226, 4095,
 4087,  479, 4095,
 4095, 4095,    0,
 4095, 4095,    0,
 4095, 4095,  298,
 4095, 4095,  821,
 4095, 4095, 1216,
 4095, 4095, 1590,
 4095, 4095, 1971,
 4095, 4095, 2359,
 4095, 4095, 2755,
 4095, 1729, 3141,
 4095, 1563, 3511,
 4095, 1373, 3852,
 4095, 1173, 4095,
 4095, 1154, 4095,
 4095, 1333, 4095,
 4095, 1506, 4095,
 4055, 1668, 4095,
 4095, 4095,    0,
 4095, 4095,    0,
 4095, 4095,   59,
 4095, 4095,  694,
 4095, 4095, 1146,
 4095, 4095, 1548,
 4095, 4095, 1949,
 4095, 4095, 2355,
 4095, 4095, 2766,
 4095, 4095, 3165,
 4095, 4095, 3544,
 4095, 4095, 4095,
 4095, 4095, 4095,
 4095, 4095, 4095,
 4095, 4095, 4095,
 4095, 4095, 4095,
 4023, 4095, 4095,
 4095, 4095,    0,
 4095, 4095,    0,
 4095, 4095,   18,
 4095, 4095,  553,
 4095, 4095, 1068,
 4095, 4095, 1482,
 4095, 4095, 1886,
 4095, 4095, 2300,
 4095, 4095, 2716,
 4095, 4095, 3118,
 4095, 4095, 3496,
 4095, 4095, 4095,
 4095, 4095, 4095,
 4095, 4095, 4095,
 4095, 4095, 4095,
 4095, 4095, 4095,
 4023, 4095, 4095,
 4095, 4095,    0,
 4095, 4095,    0,
 4095, 4095,   18,
 4095, 4095,  462,
 4095, 4095, 1012,
 4095, 4095, 1426,
 4095, 4095, 1823,
 4095, 4095, 2239,
 4095, 4095, 2649,
 4095, 4095, 3042,
 4095, 4095, 3407,
 4095, 4095, 3745,
 4095, 4095, 4095,
 4095, 4095, 4095,
 4095, 4095, 4095,
 4095, 4095, 4095,
 4023, 4095, 4095,
 4095, 4095,    0,
 4095, 4095,    2,
 4095, 4095,   75,
 4095, 4095,  653,
 4095, 4095, 1113,
 4095, 4095, 1497,
 4095, 4095, 1876,
 4095, 4095, 2272,
 4095, 4095, 2660,
 4095, 4095, 3029,
 4095, 4095, 3371,
 4095, 4095, 3676,
 4095, 4095, 4095,
 4095, 4095, 4095,
 4095, 4095, 4095,
 4095, 4095, 4095,
 4059, 4095, 4095,
 4095, 4095,    6,
 4095, 4095,  136,
 4095, 4095,  681,
 4095, 4095, 1089,
 4095, 4095, 1415,
 4095, 4095, 1724,
 4095, 4095, 2040,
 4095, 4095, 2382,
 4095, 4095, 2729,
 4095, 4095, 3064,
 4095, 4095, 3372,
 4095, 4095, 3643,
 4095, 4095, 4095,
 4095, 4095, 4095,
 4095, 4095, 4095,
 4095, 4095, 4095,
 4095, 4095, 4095,
 4095, 4095,  536,
 4095, 4095, 1006,
 4095, 4095, 1321,
 4095, 4095, 1577,
 4095, 4095, 1812,
 4095, 4095, 2050,
 4095, 4095, 2301,
 4095, 4095, 2575,
 4095, 4095, 2867,
 4095, 4095, 3153,
 4095, 4095, 3415,
 4095, 4095, 3641,
 4095, 4095, 3833,
 4095, 4095, 4095,
 4095, 4095, 4095,
 4095, 4095, 4095,
 4095, 4095, 4095,
 4095, 4095, 1400,
 4095, 4095, 1643,
 4095, 4095, 1860,
 4095, 4095, 2058,
 4095, 4095, 2243,
 4095, 4095, 2434,
 4095, 4095, 2633,
 4095, 4095, 2839,
 4095, 4095, 3070,
 4095, 4095, 3302,
 4095, 4095, 3514,
 4095, 4095, 3692,
 4095, 4095, 3838,
 4095, 4095, 4095,
 4095, 4095, 4095,
 4095, 4095, 4095,
 4094, 4095, 4095,
 4095, 4095, 1948,
 4095, 4095, 2140,
 4095, 4095, 2320,
 4095, 4095, 2490,
 4095, 4095, 2650,
 4095, 4095, 2809,
 4095, 4095, 2969,
 4095, 4095, 3128,
 4095, 4095, 3297,
 4095, 4095, 3472,
 4095, 4095, 3638,
 4095, 4095, 3771,
 4095, 4095, 4095,
 4095, 4095, 4095,
 4095, 4095, 4095,
 4095, 4095, 4095,
 4078, 4095, 4095,
 4095, 4095, 2398,
 4095, 4095, 2565,
 4095, 4095, 2722,
 4095, 4095, 2873,
 4095, 4095, 3016,
 4095, 4095, 3153,
 4095, 4095, 3285,
 4095, 4095, 3411,
 4095, 4095, 3536,
 4095, 4095, 3665,
 4095, 4095, 3786,
 4095, 4095, 4095,
 4095, 4095, 4095,
 4095, 4095, 4095,
 4095, 4095, 4095,
 4095, 4093, 4095,
 4087, 4091, 4095,
 4095,    0,    0,
 4095,    0,   75,
 4095,    0,  281,
 4095,    0,  502,
 4095,    0,  721,
 4095,    0,  939,
 4095,    0, 1154,
 4095,    0, 1365,
 4095,    0, 1570,
 4095,    0, 1767,
 4095,    0, 1956,
 4095,    0, 2137,
 4095,    0, 2308,
 3411,    0, 2470,
 3356,    0, 2622,
 3288,    0, 2764,
 3222,    0, 2897,
 4095,    0,    0,
 4095,    0,  135,
 4095,    0,  388,
 4095,    0,  632,
 4095,    0,  870,
 4095,    0, 1105,
 4095,    0, 1338,
 4095,    0, 1567,
 4095,    0, 1790,
 4095,    0, 2006,
 4095,    0, 2213,
 4095,    0, 2410,
 4095,    0, 2597,
 4095,    0, 2772,
 4095,    0, 2935,
 3672,    0, 3087,
 3589,    0, 3230,
 4095,    0,    0,
 4095,    0,  219,
 4095,    0,  510,
 4095,    0,  772,
 4095,    0, 1026,
 4095,    0, 1278,
 4095,    0, 1529,
 4095,    0, 1777,
 4095,    0, 2020,
 4095,    0, 2256,
 4095,    0, 2482,
 4095,    0, 2697,
 4095,    0, 2900,
 4095,    0, 3089,
 4095,    0, 3265,
 4095,    0, 3427,
 3963,    0, 3572,
 4095,  108,    0,
 4095,    4,  307,
 4095,    0,  623,
 4095,    0,  902,
 4095,    0, 1173,
 4095,    0, 1441,
 4095,    0, 1711,
 4095,    0, 1980,
 4095,    0, 2244,
 4095,    0, 2501,
 4095,    0, 2748,
 4095,    0, 2983,
 4095,    0, 3202,
 4095,    0, 3404,
 4095,    0, 3586,
 4095,    0, 3749,
 4095,    0, 3890,
 4095,  824,    0,
 4095,  762,  366,
 4095,  672,  710,
 4095,  522, 1006,
 4095,  386, 1293,
 4095,  253, 1579,
 4095,   35, 1866,
 4095,    0, 2155,
 4095,    0, 2441,
 4095,    0, 2722,
 4095,    0, 2992,
 4095,    0, 3245,
 4095,    0, 3479,
 4095,    0, 3689,
 4095,    0, 3875,
 4095,    0, 4032,
 4095,    0, 4089,
 4095, 4095,    0,
 4095, 4095,  374,
 4095, 1303,  760,
 4095, 1257, 1077,
 4095, 1196, 1377,
 4095, 1108, 1677,
 4095,  989, 1982,
 4095,  813, 2292,
 4095,  539, 2602,
 4095,  297, 2907,
 4095,    0, 3200,
 4095,    0, 3473,
 4095,    0, 3721,
 4095,    0, 3939,
 4095,    0, 4077,
 4095,    0, 4095,
 4087,    0, 4095,
 4095, 4095,    0,
 4095, 4095,  337,
 4095, 4095,  772,
 4095, 4095, 1106,
 4095, 4095, 1419,
 4095, 4095, 1733,
 4095, 4095, 2054,
 4095, 1523, 2384,
 4095, 1394, 2718,
 4095, 1235, 3048,
 4095, 1037, 3365,
 4095,  768, 3659,
 4095,  497, 3923,
 4095,  385, 4088,
 4095,  426, 4095,
 4095,  583, 4095,
 4079,  816, 4095,
 4095, 4095,    0,
 4095, 4095,  238,
 4095, 4095,  741,
 4095, 4095, 1099,
 4095, 4095, 1428,
 4095, 4095, 1756,
 4095, 4095, 2094,
 4095, 4095, 2442,
 4095, 4095, 2796,
 4095, 4095, 3137,
 4095, 4095, 3464,
 4095, 1636, 3786,
 4095, 1538, 4056,
 4095, 1498, 4095,
 4095, 1623, 4095,
 4095, 4095, 4095,
 4063, 4095, 4095,
 4095, 4095,    0,
 4095, 4095,  107,
 4095, 4095,  704,
 4095, 4095, 1090,
 4095, 4095, 1432,
 4095, 4095, 1770,
 4095, 4095, 2117,
 4095, 4095, 2474,
 4095, 4095, 2839,
 4095, 4095, 3181,
 4095, 4095, 3506,
 4095, 4095, 3844,
 4095, 4095, 4095,
 4095, 4095, 4095,
 4095, 4095, 4095,
 4095, 4095, 4095,
 4047, 4095, 4095,
 4095, 4095,    0,
 4095, 4095,   64,
 4095, 4095,  702,
 4095, 4095, 1095,
 4095, 4095, 1436,
 4095, 4095, 1766,
 4095, 4095, 2103,
 4095, 4095, 2455,
 4095, 4095, 2816,
 4095, 4095, 3163,
 4095, 4095, 3491,
 4095, 4095, 3808,
 4095, 4095, 4061,
 4095, 4095, 4083,
 4095, 4095, 4095,
 4095, 4095, 4083,
 4023, 4095, 4071,
 4095, 4095,    0,
 4095, 4095,  156,
 4095, 4095,  758,
 4095, 4095, 1134,
 4095, 4095, 1464,
 4095, 4095, 1778,
 4095, 4095, 2097,
 4095, 4095, 2437,
 4095, 4095, 2785,
 4095, 4095, 3126,
 4095, 4095, 3445,
 4095, 4095, 3733,
 4095, 4095, 3978,
 4095, 4095, 4071,
 4095, 4095, 4095,
 4095, 4095, 4071,
 3999, 4095, 4047,
 4095, 4095,    6,
 4095, 4095,  527,
 4095, 4095,  974,
 4095, 4095, 1305,
 4095, 4095, 1607,
 4095, 4095, 1898,
 4095, 4095, 2191,
 4095, 4095, 2500,
 4095, 4095, 2823,
 4095, 4095, 3139,
 4095, 4095, 3432,
 4095, 4095, 3696,
 4095, 4095, 3923,
 4095, 4095, 4081,
 4095, 4095, 4095,
 4095, 4095, 4083,
 4047, 4095, 4071,
 4095, 4095,  612,
 4095, 4095, 1032,
 4095, 4095, 1345,
 4095, 4095, 1616,
 4095, 4095, 1868,
 4095, 4095, 2112,
 4095, 4095, 2364,
 4095, 4095, 2630,
 4095, 4095, 2915,
 4095, 4095, 3196,
 4095, 4095, 3456,
 4095, 4095, 3687,
 4095, 4095, 3884,
 4095, 4095, 4043,
 4095, 4095, 4095,
 4095, 4095, 4095,
 4095, 4095, 4095,
 4095, 4095, 1264,
 4095, 4095, 1532,
 4095, 4095, 1768,
 4095, 4095, 1986,
 4095, 4095, 2191,
 4095, 4095, 2391,
 4095, 4095, 2596,
 4095, 4095, 2814,
 4095, 4095, 3051,
 4095, 4095, 3288,
 4095, 4095, 3508,
 4095, 4095, 3701,
 4095, 4095, 3864,
 4095, 4095, 3993,
 4095, 4095, 4085,
 4095, 4095, 4095,
 4095, 4095, 4095,
 4095, 4095, 1790,
 4095, 4095, 1997,
 4095, 4095, 2189,
 4095, 4095, 2371,
 4095, 4095, 2543,
 4095, 4095, 2711,
 4095, 4095, 2879,
 4095, 4095, 3053,
 4095, 4095, 3240,
 4095, 4095, 3430,
 4095, 4095, 3607,
 4095, 4095, 3760,
 4095, 4095, 3887,
 4095, 4095, 3985,
 4095, 4095, 4053,
 4095, 4095, 4093,
 4095, 4095, 4095,
 4095, 4095, 2249,
 4095, 4095, 2425,
 4095, 4095, 2590,
 4095, 4095, 2748,
 4095, 4095, 2898,
 4095, 4095, 3042,
 4095, 4095, 3183,
 4095, 4095, 3322,
 4095, 4095, 3462,
 4095, 4095, 3607,
 4095, 4095, 3741,
 4095, 4095, 3855,
 4095, 4095, 3946,
 4095, 4095, 4013,
 4095, 4095, 4055,
 4095, 4095, 4079,
 4090, 4095, 4088,
 4095, 4095, 2653,
 4095, 4095, 2808,
 4095, 4095, 2955,
 4095, 4095, 3094,
 4095, 4095, 3226,
 4095, 4095, 3355,
 4095, 4095, 3478,
 4095, 4095, 3589,
 4095, 4095, 3695,
 4095, 4095, 3797,
 4095, 4095, 3890,
 4095, 4095, 3966,
 4095, 4095, 4023,
 4095, 4095, 4061,
 4095, 4094, 4083,
 4095, 4094, 4092,
 4095, 4095, 4095,
