    0,    0,    0,
 2202,  259,  259,
 1468,  259,  259,
 1861,  227,  227,
 2962,  148,  148,
 3343,  116,  116,
 3596,   95,   95,
 3799, 1326,   78,
 3980, 1070,   63,
 4096,  834,   49,
 4150,  606,   36,
 4166,  385,   23,
 4155,  178,   10,
 4125,    7,    0,
 4082,    0,    0,
 4029,    0,    0,
 3962,    0,    0,
  259, 2202,  259,
 2202, 2202,  259,
 1468, 2202,  259,
 1861, 1930,  227,
 2962, 1256,  148,
 3343,  989,  116,
 3596,  811,   95,
 3799,  663,   78,
 3980,  535,   63,
 4096,  417,   49,
 4150,  303,   36,
 4166,  193,   23,
 4155,   89,   10,
 4125,    3,    7,
 4082,    0,    0,
 4029,    0,    0,
 3962,    0,    0,
  259, 1468,  259,
 2202, 1468,  259,
 1468, 1468,  259,
 1861, 1287,  227,
 2962,  837,  148,
 3343,  659,  116,
 3596,  541,   95,
 3799,  442,   78,
 3980,  357,   63,
 4096,  278,   49,
 4150,  202,   36,
 4166,  128,   23,
 4155,   59,   10,
 4125,    2,    7,
 4082,    0,    0,
 4029,    0,    0,
 3962,    0,    0,
  210, 1864,  439,
 1785, 1864,  439,
 1190, 1864,  439,
 1755, 1799,  423,
 2959, 1546,  364,
 3341, 1398,  329,
 3594, 1295,  305,
 3798, 1209,  285,
 3979, 1133,  267,
 4095, 1061, 4246,
 4150,  991, 3964,
 4165,  923, 3692,
 4154,  856, 3426,
 4125,  794, 3176,
 4082,  751, 3004,
 4029,  708, 2833,
 3962,  673, 2694,
  109, 2959,  870,
  926, 2959,  870,
  618, 2959,  870,
 1403, 2958,  870,
 2889, 2938,  864,
 3335, 2835,  834,
 3590, 2721,  800,
 3795, 2627,  773,
 3976, 2545,  748,
 4093, 2466,12329,
 4148, 2390,11950,
 4164, 2316,11582,
 4154, 2245,11224,
 4124, 2173,10864,
 4081, 2102,10510,
 4028, 2031,10156,
 3962, 1972, 9858,
 1279, 3336, 1177,
  639, 3336, 1177,
  426, 3336, 1177,
 1223, 3336, 1177,
 2697, 3333, 1176,
 3267, 3328,19970,
 3585, 3274,19643,
 3791, 3180,19077,
 3973, 3098,18590,
 4091, 3022,18130,
 4147, 2948,17690,
 4163, 2879,17274,
 4153, 2811,16863,
 4123, 2744,16465,
 4081, 2677,16065,
 4028, 2610,15660,
 3961, 2552,15311,
  865, 3587, 1477,
  433, 3587, 1477,
  288, 3587, 1477,
 1093, 3586, 1477,
 2546, 3584, 1476,
 3120, 3583,25079,
 3512, 3583,25079,
 3787, 3557,24899,
 3970, 3477,24339,
 4089, 3403,23823,
 4145, 3334,23337,
 4162, 3266,22863,
 4152, 3201,22406,
 4123, 3138,21964,
 4080, 3074,21520,
 4027, 3013,21088,
 3961, 2956,20692,
  490, 3789, 1783,
  245, 3789,30316,
  163, 3789,30316,
  975, 3789,30313,
 2417, 3788,30303,
 2994, 3787,30293,
 3388, 3785,30279,
 3706, 3785,30278,
 3966, 3782,30256,
 4086, 3711,29685,
 4143, 3643,29144,
 4160, 3578,28626,
 4151, 3516,28130,
 4122, 3455,27638,
 4079, 3396,27166,
 4027, 3334,26675,
 3961, 3279,26234,
  124, 3969, 2101,
   62, 3969,35725,
   41, 3969,35725,
  862, 3969,35724,
 2300, 3968,35714,
 2882, 3967,35702,
 3280, 3966,35692,
 3600, 3964,35677,
 3880, 3965,35681,
 4083, 3978,35800,
 4141, 3914,35226,
 4158, 3852,34672,
 4149, 3791,34121,
 4121, 3733,33597,
 4079, 3675,33075,
 4026, 3618,32565,
 3960, 3561,32047,
    0, 4086,40859,
    0, 4086,40859,
    0, 4086,40859,
  779, 4086,40858,
 2185, 4085,40852,
 2775, 4084,40844,
 3178, 4083,40834,
 3502, 4082,40824,
 3784, 4081,40810,
 4006, 4086,40861,
 4138, 4103,41033,
 4156, 4052,40519,
 4147, 4002,40017,
 4119, 3952,39518,
 4077, 3903,39028,
 4025, 3853,38531,
 3959, 3801,38013,
    0, 4141,45556,
    0, 4141,45556,
    0, 4141,45556,
  708, 4141,45555,
 2073, 4141,45549,
 2671, 4140,45543,
 3081, 4140,45535,
 3409, 4139,45528,
 3695, 4138,45517,
 3923, 4137,45504,
 4069, 4146,45602,
 4154, 4165,45817,
 4146, 4123,45348,
 4118, 4081,44891,
 4076, 4039,44429,
 4024, 3998,43974,
 3959, 3952,43477,
    0, 4157,49889,
    0, 4157,49889,
    0, 4157,49889,
  635, 4157,49888,
 1960, 4157,49884,
 2570, 4157,49880,
 2986, 4156,49875,
 3319, 4155,49865,
 3608, 4155,49859,
 3849, 4154,49847,
 3998, 4153,49836,
 4092, 4164,49969,
 4144, 4185,50218,
 4116, 4149,49794,
 4075, 4114,49364,
 4023, 4079,48946,
 3958, 4039,48470,
    0, 4147,53911,
    0, 4147,53911,
    0, 4147,53911,
  560, 4147,53910,
 1849, 4147,53907,
 2469, 4146,53902,
 2892, 4146,53898,
 3231, 4145,53890,
 3523, 4145,53884,
 3775, 4144,53876,
 3936, 4144,53867,
 4029, 4143,53857,
 4086, 4154,54001,
 4114, 4176,54291,
 4074, 4146,53895,
 4022, 4117,53515,
 3957, 4081,53055,
    0, 4118,57648,
    0, 4118,57648,
    0, 4118,57648,
  479, 4118,57648,
 1734, 4117,57644,
 2369, 4117,57643,
 2800, 4117,57637,
 3143, 4117,57633,
 3441, 4116,57627,
 3701, 4116,57619,
 3875, 4115,57612,
 3978, 4115,57604,
 4031, 4114,57594,
 4060, 4124,57734,
 4072, 4148,58068,
 4021, 4122,57706,
 3956, 4090,57264,
    0, 4075,61128,
    0, 4075,61128,
    0, 4075,61128,
  391, 4075,61127,
 1618, 4075,61125,
 2269, 4075,61122,
 2708, 4075,61118,
 3058, 4074,61115,
 3358, 4074,61109,
 3627, 4074,61104,
 3812, 4073,61098,
 3925, 4073,61090,
 3987, 4072,61081,
 4012, 4072,61073,
 4020, 4079,61185,
 4019, 4105,61582,
 3955, 4078,61163,
    0, 4023,64360,
    0, 4023,64360,
    0, 4023,64360,
  291, 4022,64359,
 1499, 4022,64357,
 2166, 4022,64356,
 2616, 4022,64353,
 2970, 4022,64349,
 3277, 4022,64345,
 3551, 4021,64340,
 3750, 4021,64336,
 3873, 4021,64329,
 3943, 4020,64322,
 3974, 4020,64313,
 3979, 4019,64305,
 3968, 4023,64369,
 3954, 4046,64743,
    0, 3957, 3957,
    0, 3957, 1725,
    0, 3957, 1725,
  189, 3956, 1724,
 1388, 3956, 1722,
 2073, 3956, 1721,
 2530, 3956, 1718,
 2889, 3956, 1714,
 3196, 3956, 1712,
 3474, 3956, 1708,
 3684, 3955, 3955,
 3816, 3955, 3955,
 3893, 3955, 3955,
 3930, 3954, 3954,
 3941, 3954, 3954,
 3929, 3953, 3953,
 3902, 3953, 3953,
  259,  259, 2202,
 2202,  259, 2202,
 1468,  259, 2202,
 1861,  227, 1930,
 2962,  148, 1256,
 3343,  116,  989,
 3596,   95,  811,
 3799, 1326,  663,
 3980, 1070,  535,
 4096,  834,  417,
 4150,  606,  303,
 4166,  385,  193,
 4155,  178,   89,
 4125,    7,    3,
 4082,    0,    0,
 4029,    0,    0,
 3962,    0,    0,
  259, 2202, 2202,
 2202, 2202, 2202,
 1468, 2202, 2202,
 1861, 1930, 1930,
 2962, 1256, 1256,
 3343,  989,  989,
 3596,  811,  811,
 3799,  663,  663,
 3980,  535,  535,
 4096,  417,  417,
 4150,  303,  303,
 4166,  193,  193,
 4155,   89,   89,
 4125,    3,    3,
 4082,    0,    0,
 4029,    0,    0,
 3962,    0,    0,
  259, 1468, 2202,
 2202, 1468, 2202,
 1468, 1468, 2202,
 1861, 1287, 1930,
 2962,  837, 1256,
 3343,  659,  989,
 3596,  541,  811,
 3799,  442,  663,
 3980,  357,  535,
 4096,  278,  417,
 4150,  202,  303,
 4166,  128,  193,
 4155,   59,   89,
 4125,    2,    3,
 4082,    0,    0,
 4029,    0,    0,
 3962,    0,    0,
  210, 1864, 3728,
 1785, 1864, 3728,
 1190, 1864, 3728,
 1755, 1799, 3598,
 2959, 1546, 3093,
 3341, 1398, 2795,
 3594, 1295, 2590,
 3798, 1209, 2418,
 3979, 1133, 2266,
 4095, 1061, 2123,
 4150,  991, 1982,
 4165,  923, 1846,
 4154,  856, 1713,
 4125,  794, 1588,
 4082,  751, 1502,
 4029,  708, 1416,
 3962,  673, 1347,
  109, 2959, 7397,
  926, 2959, 7397,
  618, 2959, 7397,
 1403, 2958, 7395,
 2889, 2938, 7346,
 3335, 2835, 7087,
 3590, 2721, 6803,
 3795, 2627, 6567,
 3976, 2545, 6361,
 4093, 2466, 6164,
 4148, 2390, 5975,
 4164, 2316, 5791,
 4154, 2245, 5612,
 4124, 2173, 5432,
 4081, 2102, 5255,
 4028, 2031, 5078,
 3962, 1972, 4929,
 1279, 3336,10009,
  639, 3336,10009,
  426, 3336,10009,
 1223, 3336,10007,
 2697, 3333, 9999,
 3267, 3328, 9985,
 3585, 3274, 9821,
 3791, 3180, 9539,
 3973, 3098, 9295,
 4091, 3022, 9065,
 4147, 2948, 8845,
 4163, 2879, 8637,
 4153, 2811, 8432,
 4123, 2744, 8233,
 4081, 2677, 8032,
 4028, 2610, 7830,
 3961, 2552, 7656,
  865, 3587,12553,
  433, 3587,12553,
  288, 3587,12553,
 1093, 3586,12551,
 2546, 3584,12546,
 3120, 3583,12539,
 3512, 3583,12540,
 3787, 3557,12450,
 3970, 3477,12169,
 4089, 3403,11911,
 4145, 3334,11669,
 4162, 3266,11432,
 4152, 3201,11203,
 4123, 3138,10982,
 4080, 3074,10760,
 4027, 3013,10544,
 3961, 2956,10346,
  490, 3789,15158,
  245, 3789,15158,
  163, 3789,15158,
  975, 3789,15156,
 2417, 3788,15151,
 2994, 3787,15146,
 3388, 3785,15139,
 3706, 3785,15139,
 3966, 3782,15128,
 4086, 3711,14843,
 4143, 3643,14572,
 4160, 3578,14313,
 4151, 3516,14065,
 4122, 3455,13819,
 4079, 3396,13583,
 4027, 3334,13338,
 3961, 3279,13117,
  124, 3969,17862,
   62, 3969,17862,
   41, 3969,17862,
  862, 3969,17862,
 2300, 3968,17857,
 2882, 3967,17851,
 3280, 3966,17846,
 3600, 3964,17839,
 3880, 3965,17841,
 4083, 3978,17900,
 4141, 3914,17613,
 4158, 3852,17336,
 4149, 3791,17060,
 4121, 3733,16798,
 4079, 3675,16537,
 4026, 3618,16283,
 3960, 3561,16023,
    0, 4086,20430,
    0, 4086,20430,
    0, 4086,20430,
  779, 4086,20429,
 2185, 4085,20426,
 2775, 4084,20422,
 3178, 4083,20417,
 3502, 4082,20412,
 3784, 4081,20405,
 4006, 4086,20431,
 4138, 4103,20517,
 4156, 4052,20260,
 4147, 4002,20009,
 4119, 3952,19759,
 4077, 3903,19514,
 4025, 3853,19265,
 3959, 3801,19007,
    0, 4141,22778,
    0, 4141,22778,
    0, 4141,22778,
  708, 4141,22777,
 2073, 4141,22774,
 2671, 4140,22771,
 3081, 4140,22768,
 3409, 4139,22764,
 3695, 4138,22758,
 3923, 4137,22752,
 4069, 4146,22801,
 4154, 4165,22909,
 4146, 4123,22674,
 4118, 4081,22445,
 4076, 4039,22215,
 4024, 3998,21987,
 3959, 3952,21739,
    0, 4157,24944,
    0, 4157,24944,
    0, 4157,24944,
  635, 4157,24944,
 1960, 4157,24942,
 2570, 4157,24940,
 2986, 4156,24937,
 3319, 4155,24933,
 3608, 4155,24929,
 3849, 4154,24923,
 3998, 4153,24918,
 4092, 4164,24984,
 4144, 4185,25109,
 4116, 4149,24897,
 4075, 4114,24682,
 4023, 4079,24473,
 3958, 4039,24235,
    0, 4147,26955,
    0, 4147,26955,
    0, 4147,26955,
  560, 4147,26955,
 1849, 4147,26953,
 2469, 4146,26951,
 2892, 4146,26949,
 3231, 4145,26945,
 3523, 4145,26942,
 3775, 4144,26938,
 3936, 4144,26934,
 4029, 4143,26929,
 4086, 4154,27001,
 4114, 4176,27145,
 4074, 4146,26948,
 4022, 4117,26757,
 3957, 4081,26528,
    0, 4118,28824,
    0, 4118,28824,
    0, 4118,28824,
  479, 4118,28824,
 1734, 4117,28822,
 2369, 4117,28821,
 2800, 4117,28819,
 3143, 4117,28816,
 3441, 4116,28813,
 3701, 4116,28810,
 3875, 4115,28806,
 3978, 4115,28802,
 4031, 4114,28797,
 4060, 4124,28867,
 4072, 4148,29034,
 4021, 4122,28853,
 3956, 4090,28632,
    0, 4075,30564,
    0, 4075,30564,
    0, 4075,30564,
  391, 4075,30563,
 1618, 4075,30563,
 2269, 4075,30561,
 2708, 4075,30559,
 3058, 4074,30558,
 3358, 4074,30555,
 3627, 4074,30552,
 3812, 4073,30549,
 3925, 4073,30545,
 3987, 4072,30541,
 4012, 4072,30536,
 4020, 4079,30592,
 4019, 4105,30791,
 3955, 4078,30581,
    0, 4023,32180,
    0, 4023,32180,
    0, 4023,32180,
  291, 4022,32179,
 1499, 4022,32179,
 2166, 4022,32178,
 2616, 4022,32177,
 2970, 4022,32175,
 3277, 4022,32173,
 3551, 4021,32170,
 3750, 4021,32168,
 3873, 4021,32165,
 3943, 4020,32161,
 3974, 4020,32156,
 3979, 4019,32152,
 3968, 4023,32184,
 3954, 4046,32371,
    0, 3957,33631,
    0, 3957,33631,
    0, 3957,33631,
  189, 3956,33630,
 1388, 3956,33629,
 2073, 3956,33628,
 2530, 3956,33627,
 2889, 3956,33625,
 3196, 3956,33624,
 3474, 3956,33622,
 3684, 3955,33619,
 3816, 3955,33618,
 3893, 3955,33615,
 3930, 3954,33612,
 3941, 3954,33608,
 3929, 3953,33604,
 3902, 3953,33599,
  259,  259, 1468,
 2202,  259, 1468,
 1468,  259, 1468,
 1861,  227, 1287,
 2962,  148,  837,
 3343,  116,  659,
 3596,   95,  541,
 3799, 1326,  442,
 3980, 1070,  357,
 4096,  834,  278,
 4150,  606,  202,
 4166,  385,  128,
 4155,  178,   59,
 4125,    7,    2,
 4082,    0,    0,
 4029,    0,    0,
 3962,    0,    0,
  259, 2202, 1468,
 2202, 2202, 1468,
 1468, 2202, 1468,
 1861, 1930, 1287,
 2962, 1256,  837,
 3343,  989,  659,
 3596,  811,  541,
 3799,  663,  442,
 3980,  535,  357,
 4096,  417,  278,
 4150,  303,  202,
 4166,  193,  128,
 4155,   89,   59,
 4125,    3,    2,
 4082,    0,    0,
 4029,    0,    0,
 3962,    0,    0,
  259, 1468, 1468,
 2202, 1468, 1468,
 1468, 1468, 1468,
 1861, 1287, 1287,
 2962,  837,  837,
 3343,  659,  659,
 3596,  541,  541,
 3799,  442,  442,
 3980,  357,  357,
 4096,  278,  278,
 4150,  202,  202,
 4166,  128,  128,
 4155,   59,   59,
 4125,    2,    2,
 4082,    0,    0,
 4029,    0,    0,
 3962,    0,    0,
  210, 1864, 2485,
 1785, 1864, 2485,
 1190, 1864, 2485,
 1755, 1799, 2398,
 2959, 1546, 2062,
 3341, 1398, 1864,
 3594, 1295, 1727,
 3798, 1209, 1612,
 3979, 1133, 1511,
 4095, 1061, 1415,
 4150,  991, 1321,
 4165,  923, 1231,
 4154,  856, 1142,
 4125,  794, 1059,
 4082,  751, 1001,
 4029,  708,  944,
 3962,  673,  898,
  109, 2959, 4932,
  926, 2959, 4932,
  618, 2959, 4932,
 1403, 2958, 4930,
 2889, 2938, 4897,
 3335, 2835, 4725,
 3590, 2721, 4535,
 3795, 2627, 4378,
 3976, 2545, 4241,
 4093, 2466, 4110,
 4148, 2390, 3983,
 4164, 2316, 3861,
 4154, 2245, 3741,
 4124, 2173, 3621,
 4081, 2102, 3503,
 4028, 2031, 3385,
 3962, 1972, 3286,
 1279, 3336, 6672,
  639, 3336, 6672,
  426, 3336, 6672,
 1223, 3336, 6671,
 2697, 3333, 6666,
 3267, 3328, 6657,
 3585, 3274, 6548,
 3791, 3180, 6359,
 3973, 3098, 6197,
 4091, 3022, 6043,
 4147, 2948, 5897,
 4163, 2879, 5758,
 4153, 2811, 5621,
 4123, 2744, 5488,
 4081, 2677, 5355,
 4028, 2610, 5220,
 3961, 2552, 5104,
  865, 3587, 8369,
  433, 3587, 8369,
  288, 3587, 8369,
 1093, 3586, 8368,
 2546, 3584, 8364,
 3120, 3583, 8360,
 3512, 3583, 8360,
 3787, 3557, 8300,
 3970, 3477, 8113,
 4089, 3403, 7941,
 4145, 3334, 7779,
 4162, 3266, 7621,
 4152, 3201, 7469,
 4123, 3138, 7321,
 4080, 3074, 7173,
 4027, 3013, 7029,
 3961, 2956, 6897,
  490, 3789,10105,
  245, 3789,10105,
  163, 3789,10105,
  975, 3789,10104,
 2417, 3788,10101,
 2994, 3787,10098,
 3388, 3785,10093,
 3706, 3785,10093,
 3966, 3782,10085,
 4086, 3711, 9895,
 4143, 3643, 9715,
 4160, 3578, 9542,
 4151, 3516, 9377,
 4122, 3455, 9213,
 4079, 3396, 9055,
 4027, 3334, 8892,
 3961, 3279, 8745,
  124, 3969,11908,
   62, 3969,11908,
   41, 3969,11908,
  862, 3969,11908,
 2300, 3968,11905,
 2882, 3967,11901,
 3280, 3966,11897,
 3600, 3964,11892,
 3880, 3965,11894,
 4083, 3978,11933,
 4141, 3914,11742,
 4158, 3852,11557,
 4149, 3791,11374,
 4121, 3733,11199,
 4079, 3675,11025,
 4026, 3618,10855,
 3960, 3561,10682,
    0, 4086,13620,
    0, 4086,13620,
    0, 4086,13620,
  779, 4086,13619,
 2185, 4085,13617,
 2775, 4084,13615,
 3178, 4083,13611,
 3502, 4082,13608,
 3784, 4081,13603,
 4006, 4086,13620,
 4138, 4103,13678,
 4156, 4052,13506,
 4147, 4002,13339,
 4119, 3952,13173,
 4077, 3903,13009,
 4025, 3853,12844,
 3959, 3801,12671,
    0, 4141,15185,
    0, 4141,15185,
    0, 4141,15185,
  708, 4141,15185,
 2073, 4141,15183,
 2671, 4140,15181,
 3081, 4140,15178,
 3409, 4139,15176,
 3695, 4138,15172,
 3923, 4137,15168,
 4069, 4146,15201,
 4154, 4165,15272,
 4146, 4123,15116,
 4118, 4081,14964,
 4076, 4039,14810,
 4024, 3998,14658,
 3959, 3952,14492,
    0, 4157,16630,
    0, 4157,16630,
    0, 4157,16630,
  635, 4157,16629,
 1960, 4157,16628,
 2570, 4157,16627,
 2986, 4156,16625,
 3319, 4155,16622,
 3608, 4155,16620,
 3849, 4154,16616,
 3998, 4153,16612,
 4092, 4164,16656,
 4144, 4185,16739,
 4116, 4149,16598,
 4075, 4114,16455,
 4023, 4079,16315,
 3958, 4039,16157,
    0, 4147,17970,
    0, 4147,17970,
    0, 4147,17970,
  560, 4147,17970,
 1849, 4147,17969,
 2469, 4146,17967,
 2892, 4146,17966,
 3231, 4145,17963,
 3523, 4145,17961,
 3775, 4144,17959,
 3936, 4144,17956,
 4029, 4143,17952,
 4086, 4154,18000,
 4114, 4176,18097,
 4074, 4146,17965,
 4022, 4117,17838,
 3957, 4081,17685,
    0, 4118,19216,
    0, 4118,19216,
    0, 4118,19216,
  479, 4118,19216,
 1734, 4117,19215,
 2369, 4117,19214,
 2800, 4117,19212,
 3143, 4117,19211,
 3441, 4116,19209,
 3701, 4116,19206,
 3875, 4115,19204,
 3978, 4115,19201,
 4031, 4114,19198,
 4060, 4124,19245,
 4072, 4148,19356,
 4021, 4122,19235,
 3956, 4090,19088,
    0, 4075,20376,
    0, 4075,20376,
    0, 4075,20376,
  391, 4075,20376,
 1618, 4075,20375,
 2269, 4075,20374,
 2708, 4075,20373,
 3058, 4074,20372,
 3358, 4074,20370,
 3627, 4074,20368,
 3812, 4073,20366,
 3925, 4073,20363,
 3987, 4072,20360,
 4012, 4072,20358,
 4020, 4079,20395,
 4019, 4105,20527,
 3955, 4078,20388,
    0, 4023,21453,
    0, 4023,21453,
    0, 4023,21453,
  291, 4022,21453,
 1499, 4022,21452,
 2166, 4022,21452,
 2616, 4022,21451,
 2970, 4022,21450,
 3277, 4022,21448,
 3551, 4021,21447,
 3750, 4021,21445,
 3873, 4021,21443,
 3943, 4020,21441,
 3974, 4020,21438,
 3979, 4019,21435,
 3968, 4023,21456,
 3954, 4046,21581,
    0, 3957,22420,
    0, 3957,22420,
    0, 3957,22420,
  189, 3956,22420,
 1388, 3956,22419,
 2073, 3956,22419,
 2530, 3956,22418,
 2889, 3956,22417,
 3196, 3956,22416,
 3474, 3956,22415,
 3684, 3955,22413,
 3816, 3955,22412,
 3893, 3955,22410,
 3930, 3954,22408,
 3941, 3954,22405,
 3929, 3953,22402,
 3902, 3953,22399,
  216,  213,  904,
 1839,  213,  904,
 1226,  213,  904,
 1779,  197,  838,
 2963,  137,  582,
 3343, 1800,  450,
 3596, 1427,  357,
 3800, 1122,  281,
 3980,  858,  214,
 4096,  614,  154,
 4150,  380,   95,
 4166,  186,   46,
 4155,   84,   21,
 4125,    3,    1,
 4082,    0,    0,
 4029,    0,    0,
 3962,    0,    0,
  216, 1807,  904,
 1839, 1807,  904,
 1226, 1807,  904,
 1779, 1676,  838,
 2963, 1165,  582,
 3343,  900,  450,
 3596,  713,  357,
 3800,  561,  281,
 3980,  429,  214,
 4096,  307,  154,
 4150,  190,   95,
 4166,   93,   46,
 4155,   42,   21,
 4125,    2,    1,
 4082,    0,    0,
 4029,    0,    0,
 3962,    0,    0,
  216, 1205,  904,
 1839, 1205,  904,
 1226, 1205,  904,
 1779, 1117,  838,
 2963,  777,  582,
 3343,  600,  450,
 3596,  476,  357,
 3800,  374,  281,
 3980,  286,  214,
 4096,  205,  154,
 4150,  127,   95,
 4166,   62,   46,
 4155,   28,   21,
 4125,    1,    1,
 4082,    0,    0,
 4029,    0,    0,
 3962,    0,    0,
 3230, 1762, 1762,
 1615, 1762, 1762,
 1077, 1762, 1762,
 1686, 1700, 1700,
 2923, 1444, 1444,
 3315, 1260, 1260,
 3570, 1128, 1128,
 3774, 1024, 1024,
 3954,  938,  938,
 4073,  859,  859,
 4131,  786,  786,
 4148,  719,  719,
 4139,  665,  665,
 4111,  613,  613,
 4069,  570,  570,
 4017,  526,  526,
 3954,  484,  484,
 1853, 2959, 3699,
  926, 2959, 3699,
  618, 2959, 3699,
 1266, 2928, 3660,
 2822, 2873, 3591,
 3287, 2714, 3392,
 3543, 2567, 3209,
 3749, 2449, 3062,
 3930, 2352, 2940,
 4052, 2265, 2831,
 4112, 2186, 2732,
 4131, 2110, 2638,
 4124, 2039, 2549,
 4098, 1968, 2460,
 4057, 1899, 2374,
 4007, 1830, 2287,
 3946, 1766, 2207,
 1279, 3336, 5004,
  639, 3336, 5004,
  426, 3336, 5004,
 1057, 3314, 4970,
 2562, 3292, 4938,
 3227, 3278, 4917,
 3541, 3178, 4768,
 3745, 3063, 4595,
 3927, 2967, 4450,
 4050, 2880, 4320,
 4110, 2802, 4203,
 4130, 2729, 4094,
 4123, 2660, 3989,
 4097, 2593, 3889,
 4057, 2527, 3790,
 4007, 2461, 3691,
 3946, 2400, 3599,
  865, 3587, 6277,
  433, 3587, 6277,
  288, 3587, 6277,
  921, 3564, 6237,
 2373, 3543, 6200,
 3038, 3541, 6197,
 3476, 3537, 6189,
 3743, 3474, 6080,
 3924, 3379, 5913,
 4047, 3295, 5766,
 4108, 3218, 5632,
 4129, 3147, 5507,
 4122, 3079, 5388,
 4096, 3014, 5274,
 4056, 2951, 5163,
 4006, 2889, 5056,
 3945, 2829, 4951,
  490, 3789, 7579,
  245, 3789, 7579,
  163, 3789, 7579,
  803, 3766, 7532,
 2226, 3744, 7489,
 2886, 3743, 7486,
 3324, 3741, 7482,
 3671, 3740, 7480,
 3921, 3706, 7413,
 4045, 3623, 7247,
 4106, 3548, 7097,
 4127, 3478, 6956,
 4121, 3413, 6825,
 4095, 3349, 6699,
 4056, 3289, 6578,
 4006, 3228, 6456,
 3945, 3171, 6342,
  124, 3969, 8931,
   62, 3969, 8931,
   41, 3969, 8931,
  692, 3945, 8877,
 2099, 3923, 8827,
 2759, 3922, 8824,
 3197, 3921, 8821,
 3543, 3919, 8818,
 3842, 3918, 8816,
 4042, 3908, 8793,
 4104, 3834, 8627,
 4126, 3766, 8474,
 4120, 3701, 8327,
 4094, 3640, 8190,
 4055, 3580, 8056,
 4005, 3522, 7925,
 3944, 3464, 7795,
    0, 4086,10215,
    0, 4086,10215,
    0, 4086,10215,
  610, 4064,10161,
 1981, 4044,10111,
 2644, 4044,10109,
 3085, 4043,10107,
 3433, 4042,10104,
 3732, 4040,10101,
 3970, 4043,10108,
 4101, 4045,10114,
 4123, 3987, 9967,
 4118, 3931, 9828,
 4093, 3877, 9693,
 4054, 3825, 9563,
 4004, 3774, 9434,
 3944, 3721, 9302,
    0, 4141,11389,
    0, 4141,11389,
    0, 4141,11389,
  542, 4122,11335,
 1867, 4104,11287,
 2536, 4104,11285,
 2982, 4103,11283,
 3332, 4102,11281,
 3633, 4101,11279,
 3879, 4100,11275,
 4037, 4107,11294,
 4121, 4116,11318,
 4116, 4068,11187,
 4091, 4023,11063,
 4053, 3978,10941,
 4003, 3935,10821,
 3943, 3890,10698,
    0, 4157,12472,
    0, 4157,12472,
    0, 4157,12472,
  469, 4140,12420,
 1754, 4124,12372,
 2433, 4124,12371,
 2883, 4123,12370,
 3236, 4123,12368,
 3540, 4122,12366,
 3797, 4121,12363,
 3961, 4120,12361,
 4062, 4129,12387,
 4114, 4142,12426,
 4090, 4103,12309,
 4051, 4065,12194,
 4002, 4028,12084,
 3942, 3989,11968,
    0, 4147,13478,
    0, 4147,13478,
    0, 4147,13478,
  391, 4131,13427,
 1642, 4117,13381,
 2332, 4117,13380,
 2788, 4116,13379,
 3145, 4116,13377,
 3451, 4115,13375,
 3717, 4115,13373,
 3893, 4114,13371,
 3997, 4113,13368,
 4060, 4123,13399,
 4088, 4139,13451,
 4050, 4106,13344,
 4001, 4075,13243,
 3941, 4041,13132,
    0, 4118,14412,
    0, 4118,14412,
    0, 4118,14412,
  305, 4104,14363,
 1527, 4091,14318,
 2232, 4091,14318,
 2694, 4090,14317,
 3056, 4090,14315,
 3367, 4090,14314,
 3639, 4089,14312,
 3828, 4089,14310,
 3941, 4088,14308,
 4003, 4087,14306,
 4037, 4096,14337,
 4048, 4115,14403,
 4000, 4087,14306,
 3940, 4058,14202,
    0, 4075,15282,
    0, 4075,15282,
    0, 4075,15282,
  218, 4063,15235,
 1409, 4051,15192,
 2132, 4051,15192,
 2602, 4051,15191,
 2970, 4051,15190,
 3283, 4050,15189,
 3562, 4050,15187,
 3763, 4050,15186,
 3886, 4049,15184,
 3956, 4048,15181,
 3987, 4048,15179,
 3999, 4055,15204,
 3998, 4077,15287,
 3939, 4051,15190,
    0, 4023,16090,
    0, 4023,16090,
    0, 4023,16090,
  137, 4011,16045,
 1287, 4001,16005,
 2031, 4001,16004,
 2510, 4001,16004,
 2883, 4001,16003,
 3200, 4000,16002,
 3485, 4000,16000,
 3698, 4000,15999,
 3832, 3999,15998,
 3910, 3999,15996,
 3947, 3998,15994,
 3957, 3998,15992,
 3949, 4002,16006,
 3938, 4024,16097,
    0, 3957,16815,
    0, 3957,16815,
    0, 3957,16815,
   89, 3948,16780,
 1163, 3941,16748,
 1933, 3941,16747,
 2421, 3940,16747,
 2799, 3940,16746,
 3119, 3940,16745,
 3406, 3940,16744,
 3632, 3940,16743,
 3776, 3939,16742,
 3861, 3939,16740,
 3905, 3939,16739,
 3920, 3938,16737,
 3913, 3938,16735,
 3889, 3937,16733,
  134,  121,  412,
 1140,  121,  412,
  760,  121,  412,
 1520,  120,  408,
 2950,  114,  386,
 3344, 1584,  317,
 3596, 1233,  247,
 3800,  933,  187,
 3980,  666,  133,
 4096,  417,   83,
 4151,  179,   36,
 4166,    8,    2,
 4155,    0,    0,
 4125,    0,    0,
 4082,    0,    0,
 4029,    0,    0,
 3962,    0,    0,
  134, 1030,  412,
 1140, 1030,  412,
  760, 1030,  412,
 1520, 1020,  408,
 2950,  966,  386,
 3344,  792,  317,
 3596,  616,  247,
 3800,  467,  187,
 3980,  333,  133,
 4096,  208,   83,
 4151,   89,   36,
 4166,    4,    2,
 4155,    0,    0,
 4125,    0,    0,
 4082,    0,    0,
 4029,    0,    0,
 3962,    0,    0,
  134,  687,  412,
 1140,  687,  412,
  760,  687,  412,
 1520,  680,  408,
 2950,  644,  386,
 3344,  528,  317,
 3596,  411,  247,
 3800,  311,  187,
 3980,  222,  133,
 4096,  139,   83,
 4151,   60,   36,
 4166,    3,    2,
 4155,    0,    0,
 4125,    0,    0,
 4082,    0,    0,
 4029,    0,    0,
 3962,    0,    0,
 2118, 1436, 1149,
 1059, 1436, 1149,
  706, 1436, 1149,
 1343, 1297, 1038,
 2871, 1156,  925,
 3296, 1052,  842,
 3549,  918,  734,
 3753,  801,  640,
 3933,  698,  558,
 4054,  606,  485,
 4113,  520,  416,
 4132,  445,  356,
 4125,  390,  312,
 4098,  335,  268,
 4058,  278,  222,
 4007,  217,  174,
 3946,  155,  124,
 1780, 2895, 2895,
  890, 2895, 2895,
  593, 2895, 2895,
 1106, 2830, 2830,
 2549, 2591, 2591,
 3157, 2427, 2427,
 3441, 2214, 2214,
 3656, 2026, 2026,
 3841, 1869, 1869,
 3974, 1740, 1740,
 4042, 1630, 1630,
 4068, 1532, 1532,
 4067, 1445, 1445,
 4046, 1364, 1364,
 4011, 1287, 1287,
 3965, 1213, 1213,
 3911, 1138, 1138,
 1279, 3336, 4003,
  639, 3336, 4003,
  426, 3336, 4003,
  909, 3294, 3953,
 2148, 3183, 3820,
 3092, 3134, 3760,
 3427, 2952, 3542,
 3642, 2784, 3341,
 3829, 2637, 3164,
 3964, 2513, 3016,
 4034, 2408, 2890,
 4061, 2317, 2780,
 4061, 2234, 2681,
 4040, 2160, 2592,
 4006, 2090, 2508,
 3960, 2024, 2429,
 3907, 1960, 2352,
  865, 3587, 5021,
  433, 3587, 5021,
  288, 3587, 5021,
  768, 3545, 4963,
 1882, 3457, 4840,
 2776, 3445, 4823,
 3390, 3428, 4799,
 3645, 3278, 4589,
 3826, 3146, 4404,
 3962, 3027, 4238,
 4032, 2924, 4094,
 4060, 2834, 3968,
 4060, 2754, 3855,
 4040, 2680, 3753,
 4005, 2612, 3657,
 3960, 2548, 3567,
 3907, 2487, 3481,
  490, 3789, 6063,
  245, 3789, 6063,
  163, 3789, 6063,
  650, 3746, 5993,
 1704, 3663, 5861,
 2545, 3653, 5846,
 3149, 3651, 5842,
 3598, 3646, 5834,
 3829, 3530, 5648,
 3959, 3419, 5470,
 4030, 3318, 5309,
 4058, 3229, 5166,
 4059, 3148, 5037,
 4039, 3076, 4922,
 4004, 3008, 4814,
 3959, 2944, 4711,
 3906, 2884, 4615,
  124, 3969, 7145,
   62, 3969, 7145,
   41, 3969, 7145,
  541, 3924, 7063,
 1565, 3841, 6913,
 2373, 3832, 6898,
 2964, 3831, 6896,
 3405, 3829, 6892,
 3769, 3825, 6886,
 3961, 3749, 6747,
 4028, 3647, 6565,
 4057, 3560, 6409,
 4057, 3480, 6264,
 4038, 3408, 6134,
 4004, 3341, 6013,
 3959, 3278, 5900,
 3905, 3218, 5792,
    0, 4086, 8172,
    0, 4086, 8172,
    0, 4086, 8172,
  461, 4045, 8090,
 1444, 3970, 7939,
 2233, 3963, 7925,
 2816, 3961, 7923,
 3251, 3960, 7921,
 3612, 3959, 7918,
 3899, 3956, 7913,
 4027, 3914, 7828,
 4055, 3833, 7665,
 4056, 3761, 7522,
 4036, 3693, 7387,
 4002, 3630, 7260,
 3958, 3570, 7140,
 3905, 3512, 7024,
    0, 4141, 9111,
    0, 4141, 9111,
    0, 4141, 9111,
  394, 4105, 9030,
 1332, 4036, 8879,
 2111, 4030, 8865,
 2690, 4029, 8864,
 3121, 4028, 8862,
 3479, 4027, 8860,
 3778, 4026, 8857,
 3970, 4027, 8859,
 4053, 4005, 8810,
 4054, 3940, 8669,
 4035, 3884, 8544,
 4001, 3830, 8427,
 3957, 3778, 8312,
 3904, 3730, 8205,
    0, 4157, 9978,
    0, 4157, 9978,
    0, 4157, 9978,
  322, 4124, 9899,
 1224, 4062, 9748,
 1999, 4056, 9735,
 2578, 4055, 9733,
 3008, 4055, 9732,
 3364, 4054, 9730,
 3670, 4053, 9728,
 3875, 4052, 9725,
 4001, 4056, 9734,
 4052, 4046, 9711,
 4033, 3995, 9589,
 4000, 3949, 9478,
 3956, 3905, 9372,
 3903, 3863, 9271,
    0, 4147,10782,
    0, 4147,10782,
    0, 4147,10782,
  241, 4117,10705,
 1117, 4060,10556,
 1892, 4055,10543,
 2474, 4055,10542,
 2905, 4054,10541,
 3260, 4053,10539,
 3570, 4053,10537,
 3790, 4052,10535,
 3923, 4051,10533,
 4004, 4057,10547,
 4032, 4056,10545,
 3999, 4014,10437,
 3955, 3976,10338,
 3902, 3940,10243,
    0, 4118,11530,
    0, 4118,11530,
    0, 4118,11530,
  151, 4091,11455,
 1007, 4039,11310,
 1789, 4034,11296,
 2377, 4034,11296,
 2809, 4034,11294,
 3165, 4033,11293,
 3478, 4033,11292,
 3711, 4032,11290,
 3855, 4032,11288,
 3939, 4031,11286,
 3986, 4036,11302,
 3997, 4042,11317,
 3953, 4008,11222,
 3901, 3976,11132,
    0, 4075,12226,
    0, 4075,12226,
    0, 4075,12226,
   64, 4052,12155,
  890, 4004,12013,
 1688, 4000,12000,
 2282, 4000,11999,
 2718, 3999,11998,
 3076, 3999,11997,
 3390, 3999,11996,
 3636, 3998,11995,
 3790, 3998,11993,
 3883, 3997,11991,
 3931, 3996,11989,
 3953, 4001,12004,
 3952, 4012,12036,
 3900, 3984,11951,
    0, 4023,12872,
    0, 4023,12872,
    0, 4023,12872,
    0, 4001,12804,
  766, 3959,12668,
 1587, 3955,12655,
 2190, 3955,12654,
 2629, 3954,12654,
 2990, 3954,12653,
 3305, 3954,12652,
 3562, 3953,12651,
 3728, 3953,12649,
 3829, 3953,12648,
 3884, 3952,12646,
 3907, 3951,12645,
 3908, 3954,12653,
 3899, 3970,12703,
    0, 3957,13452,
    0, 3957,13452,
    0, 3957,13452,
    0, 3941,13399,
  626, 3905,13278,
 1483, 3902,13265,
 2100, 3901,13265,
 2543, 3901,13264,
 2907, 3901,13264,
 3223, 3901,13263,
 3491, 3901,13262,
 3668, 3900,13261,
 3777, 3900,13260,
 3839, 3900,13258,
 3868, 3899,13257,
 3871, 3899,13255,
 3855, 3898,13253,
  115,   97,  275,
  974,   97,  275,
  650,   97,  275,
 1398,   96,  271,
 2848,   92,  261,
 3343, 1478,  246,
 3596, 1204,  201,
 3800,  923,  154,
 3980,  662,  110,
 4096,  414,   69,
 4151,  178,   30,
 4166,    8,    1,
 4155,    0,    0,
 4125,    0,    0,
 4082,    0,    0,
 4029,    0,    0,
 3962,    0,    0,
 1949,  824,  275,
  974,  824,  275,
  650,  824,  275,
 1398,  814,  271,
 2848,  782,  261,
 3343,  739,  246,
 3596,  602,  201,
 3800,  461,  154,
 3980,  331,  110,
 4096,  207,   69,
 4151,   89,   30,
 4166,    4,    1,
 4155,    0,    0,
 4125,    0,    0,
 4082,    0,    0,
 4029,    0,    0,
 3962,    0,    0,
 1949,  549,  275,
  974,  549,  275,
  650,  549,  275,
 1398,  543,  271,
 2848,  521,  261,
 3343,  493,  246,
 3596,  401,  201,
 3800,  308,  154,
 3980,  221,  110,
 4096,  138,   69,
 4151,   59,   30,
 4166,    3,    1,
 4155,    0,    0,
 4125,    0,    0,
 4082,    0,    0,
 4029,    0,    0,
 3962,    0,    0,
 1747, 1284,  856,
  873, 1284,  856,
  582, 1284,  856,
 1184, 1117,  745,
 2691,  959,  640,
 3290,  946,  631,
 3551,  878,  585,
 3754,  782,  521,
 3933,  688,  459,
 4054,  601,  401,
 4113,  517,  345,
 4132,  443,  296,
 4125,  389,  260,
 4098,  335,  223,
 4058,  278,  185,
 4007,  217,  145,
 3946,  155,  103,
 1451, 2712, 2260,
  726, 2712, 2260,
  484, 2712, 2260,
  941, 2577, 2148,
 2194, 2162, 1802,
 3127, 2111, 1759,
 3438, 2046, 1705,
 3650, 1889, 1574,
 3834, 1736, 1446,
 3967, 1598, 1332,
 4036, 1475, 1229,
 4063, 1365, 1137,
 4062, 1263, 1053,
 4041, 1168,  974,
 4006, 1077,  898,
 3961,  989,  824,
 3907,  901,  750,
 1257, 3273, 3273,
  629, 3273, 3273,
  419, 3273, 3273,
  896, 3233, 3233,
 2058, 3100, 3100,
 2875, 2912, 2912,
 3327, 2788, 2788,
 3570, 2603, 2603,
 3769, 2420, 2420,
 3917, 2256, 2256,
 3994, 2114, 2114,
 4026, 1991, 1991,
 4029, 1884, 1884,
 4011, 1789, 1789,
 3979, 1703, 1703,
 3935, 1624, 1624,
 3884, 1549, 1549,
  865, 3587, 4184,
  433, 3587, 4184,
  288, 3587, 4184,
  768, 3545, 4135,
 1818, 3447, 4021,
 2505, 3358, 3917,
 3288, 3321, 3874,
 3558, 3151, 3677,
 3757, 2992, 3490,
 3908, 2843, 3316,
 3987, 2711, 3162,
 4021, 2595, 3028,
 4024, 2495, 2911,
 4007, 2406, 2807,
 3975, 2325, 2712,
 3932, 2252, 2628,
 3881, 2185, 2549,
  490, 3789, 5053,
  245, 3789, 5053,
  163, 3789, 5053,
  650, 3746, 4994,
 1639, 3655, 4873,
 2229, 3595, 4794,
 2964, 3584, 4779,
 3542, 3576, 4768,
 3765, 3409, 4545,
 3905, 3284, 4379,
 3985, 3159, 4212,
 4019, 3048, 4064,
 4023, 2951, 3934,
 4006, 2864, 3819,
 3974, 2786, 3714,
 3932, 2714, 3619,
 3881, 2647, 3529,
  124, 3969, 5954,
   62, 3969, 5954,
   41, 3969, 5954,
  541, 3924, 5886,
 1501, 3833, 5750,
 2040, 3784, 5676,
 2725, 3776, 5664,
 3283, 3774, 5661,
 3724, 3768, 5652,
 3913, 3638, 5457,
 3984, 3525, 5287,
 4017, 3419, 5129,
 4022, 3323, 4985,
 4005, 3237, 4856,
 3974, 3159, 4738,
 3931, 3088, 4632,
 3880, 3022, 4533,
    0, 4086, 6810,
    0, 4086, 6810,
    0, 4086, 6810,
  461, 4045, 6742,
 1382, 3963, 6605,
 1892, 3922, 6537,
 2546, 3916, 6527,
 3087, 3915, 6526,
 3519, 3914, 6523,
 3859, 3906, 6510,
 3987, 3825, 6375,
 4017, 3726, 6211,
 4020, 3641, 6069,
 4004, 3559, 5932,
 3972, 3483, 5804,
 3930, 3413, 5688,
 3880, 3346, 5577,
    0, 4141, 7593,
    0, 4141, 7593,
    0, 4141, 7593,
  394, 4105, 7525,
 1272, 4030, 7389,
 1768, 3994, 7323,
 2399, 3989, 7314,
 2931, 3988, 7312,
 3353, 3987, 7310,
 3706, 3986, 7308,
 3934, 3982, 7300,
 4017, 3933, 7210,
 4019, 3854, 7065,
 4002, 3787, 6943,
 3971, 3723, 6825,
 3929, 3662, 6714,
 3879, 3605, 6609,
    0, 4157, 8315,
    0, 4157, 8315,
    0, 4157, 8315,
  322, 4124, 8249,
 1168, 4056, 8113,
 1658, 4023, 8047,
 2273, 4019, 8039,
 2798, 4019, 8037,
 3216, 4018, 8036,
 3570, 4017, 8034,
 3819, 4016, 8032,
 3967, 4015, 8030,
 4018, 3986, 7972,
 4001, 3923, 7845,
 3970, 3868, 7737,
 3928, 3817, 7635,
 3878, 3768, 7536,
    0, 4147, 8985,
    0, 4147, 8985,
    0, 4147, 8985,
  241, 4117, 8921,
 1063, 4055, 8786,
 1556, 4024, 8720,
 2159, 4021, 8712,
 2682, 4020, 8711,
 3097, 4020, 8709,
 3450, 4019, 8708,
 3714, 4018, 8706,
 3876, 4017, 8704,
 3972, 4019, 8709,
 4000, 4003, 8673,
 3969, 3952, 8564,
 3927, 3908, 8467,
 3877, 3866, 8377,
    0, 4118, 9608,
    0, 4118, 9608,
    0, 4118, 9608,
  151, 4091, 9546,
  955, 4035, 9414,
 1458, 4006, 9347,
 2054, 4002, 9339,
 2578, 4002, 9338,
 2991, 4002, 9337,
 3342, 4001, 9336,
 3619, 4001, 9335,
 3794, 4000, 9333,
 3898, 3999, 9331,
 3957, 4002, 9339,
 3968, 3996, 9323,
 3926, 3955, 9227,
 3876, 3918, 9141,
    0, 4075,10188,
    0, 4075,10188,
    0, 4075,10188,
   64, 4052,10129,
  842, 4000,10000,
 1363, 3973, 9933,
 1955, 3970, 9925,
 2481, 3970, 9925,
 2892, 3969, 9924,
 3243, 3969, 9923,
 3531, 3969, 9922,
 3718, 3968, 9920,
 3832, 3968, 9919,
 3895, 3967, 9917,
 3926, 3970, 9925,
 3925, 3971, 9928,
 3875, 3937, 9843,
    0, 4023,10727,
    0, 4023,10727,
    0, 4023,10727,
    0, 4001,10670,
  720, 3955,10546,
 1268, 3930,10480,
 1860, 3927,10472,
 2388, 3927,10472,
 2801, 3927,10471,
 3152, 3926,10470,
 3449, 3926,10469,
 3647, 3926,10468,
 3770, 3925,10467,
 3841, 3925,10466,
 3875, 3924,10464,
 3884, 3926,10469,
 3874, 3934,10489,
    0, 3957,11210,
    0, 3957,11210,
    0, 3957,11210,
    0, 3941,11166,
  583, 3902,11055,
 1171, 3879,10990,
 1767, 3876,10982,
 2299, 3876,10982,
 2714, 3876,10981,
 3065, 3876,10981,
 3369, 3875,10980,
 3579, 3875,10979,
 3711, 3875,10978,
 3790, 3874,10977,
 3830, 3874,10976,
 3842, 3873,10974,
 3833, 3873,10973,
  102,   81,  197,
  869,   81,  197,
  580,   81,  197,
 1319,   80,  195,
 2738,   77,  186,
 3291, 1237,  177,
 3599, 1157,  165,
 3800,  911,  130,
 3980,  658,   94,
 4096,  412,   59,
 4151,  176,   25,
 4166,    8,    1,
 4155,    0,    0,
 4125,    0,    0,
 4082,    0,    0,
 4029,    0,    0,
 3962,    0,    0,
 1739,  691,  197,
  869,  691,  197,
  580,  691,  197,
 1319,  681,  195,
 2738,  651,  186,
 3291,  619,  177,
 3599,  579,  165,
 3800,  455,  130,
 3980,  329,   94,
 4096,  206,   59,
 4151,   88,   25,
 4166,    4,    1,
 4155,    0,    0,
 4125,    0,    0,
 4082,    0,    0,
 4029,    0,    0,
 3962,    0,    0,
 1739,  460,  197,
  869,  460,  197,
  580,  460,  197,
 1319,  454,  195,
 2738,  434,  186,
 3291,  412,  177,
 3599,  386,  165,
 3800,  304,  130,
 3980,  219,   94,
 4096,  137,   59,
 4151,   59,   25,
 4166,    3,    1,
 4155,    0,    0,
 4125,    0,    0,
 4082,    0,    0,
 4029,    0,    0,
 3962,    0,    0,
 1509, 1180,  675,
  755, 1180,  675,
  503, 1180,  675,
 1095, 1010,  577,
 2545,  850,  485,
 3187,  837,  478,
 3552,  823,  470,
 3754,  759,  434,
 3934,  677,  387,
 4054,  594,  340,
 4113,  513,  293,
 4133,  441,  252,
 4125,  388,  222,
 4098,  334,  191,
 4058,  277,  158,
 4007,  217,  124,
 3946,  155,   89,
 1202, 2573, 1838,
  601, 2573, 1838,
  401, 2573, 1838,
  834, 2401, 1715,
 1962, 1910, 1364,
 2875, 1842, 1316,
 3439, 1844, 1317,
 3656, 1799, 1285,
 3836, 1688, 1206,
 3968, 1570, 1121,
 4036, 1458, 1042,
 4063, 1354,  967,
 4062, 1257,  898,
 4041, 1164,  831,
 4006, 1074,  767,
 3961,  987,  705,
 3907,  899,  642,
 1052, 3134, 2686,
  526, 3134, 2686,
  351, 3134, 2686,
  804, 3052, 2616,
 1835, 2789, 2390,
 2542, 2516, 2157,
 3318, 2489, 2133,
 3573, 2443, 2094,
 3767, 2295, 1968,
 3913, 2141, 1835,
 3990, 1997, 1712,
 4023, 1867, 1601,
 4026, 1750, 1500,
 4008, 1644, 1409,
 3976, 1546, 1325,
 3933, 1455, 1247,
 3882, 1369, 1173,
  863, 3519, 3519,
  432, 3519, 3519,
  288, 3519, 3519,
  763, 3482, 3482,
 1805, 3395, 3395,
 2448, 3295, 3295,
 3097, 3123, 3123,
 3463, 3018, 3018,
 3687, 2856, 2856,
 3856, 2686, 2686,
 3947, 2527, 2527,
 3988, 2383, 2383,
 3995, 2255, 2255,
 3981, 2141, 2141,
 3951, 2040, 2040,
 3910, 1950, 1950,
 3861, 1867, 1867,
  490, 3789, 4331,
  245, 3789, 4331,
  163, 3789, 4331,
  650, 3746, 4281,
 1639, 3655, 4177,
 2192, 3586, 4098,
 2741, 3495, 3995,
 3453, 3475, 3971,
 3678, 3313, 3787,
 3848, 3165, 3617,
 3941, 3020, 3451,
 3983, 2887, 3300,
 3992, 2768, 3164,
 3978, 2663, 3043,
 3949, 2568, 2935,
 3908, 2482, 2837,
 3859, 2406, 2749,
  124, 3969, 5104,
   62, 3969, 5104,
   41, 3969, 5104,
  541, 3924, 5045,
 1501, 3833, 4929,
 2001, 3778, 4857,
 2471, 3716, 4778,
 3125, 3708, 4768,
 3667, 3700, 4757,
 3858, 3536, 4546,
 3939, 3419, 4396,
 3981, 3294, 4235,
 3990, 3179, 4088,
 3977, 3078, 3957,
 3948, 2985, 3838,
 3907, 2903, 3732,
 3858, 2827, 3635,
    0, 4086, 5837,
    0, 4086, 5837,
    0, 4086, 5837,
  461, 4045, 5779,
 1382, 3963, 5662,
 1855, 3917, 5596,
 2277, 3874, 5534,
 2887, 3869, 5527,
 3411, 3867, 5524,
 3816, 3854, 5506,
 3948, 3738, 5340,
 3981, 3632, 5188,
 3988, 3531, 5044,
 3975, 3432, 4903,
 3947, 3341, 4773,
 3906, 3260, 4657,
 3858, 3185, 4550,
    0, 4141, 6508,
    0, 4141, 6508,
    0, 4141, 6508,
  394, 4105, 6450,
 1272, 4030, 6333,
 1732, 3990, 6270,
 2125, 3956, 6216,
 2704, 3952, 6210,
 3211, 3951, 6209,
 3628, 3950, 6206,
 3899, 3940, 6191,
 3985, 3863, 6071,
 3989, 3774, 5930,
 3974, 3697, 5809,
 3945, 3620, 5688,
 3905, 3548, 5575,
 3857, 3481, 5471,
    0, 4157, 7127,
    0, 4157, 7127,
    0, 4157, 7127,
  322, 4124, 7070,
 1168, 4056, 6954,
 1624, 4020, 6891,
 1998, 3990, 6841,
 2553, 3987, 6835,
 3050, 3986, 6834,
 3462, 3985, 6832,
 3761, 3984, 6830,
 3938, 3979, 6821,
 3990, 3929, 6736,
 3974, 3855, 6609,
 3944, 3794, 6504,
 3904, 3734, 6401,
 3856, 3677, 6303,
    0, 4147, 7702,
    0, 4147, 7702,
    0, 4147, 7702,
  241, 4117, 7647,
 1063, 4055, 7531,
 1524, 4021, 7468,
 1886, 3994, 7418,
 2423, 3992, 7413,
 2913, 3991, 7412,
 3319, 3991, 7411,
 3634, 3990, 7409,
 3831, 3989, 7408,
 3946, 3987, 7405,
 3973, 3955, 7345,
 3944, 3895, 7234,
 3903, 3844, 7140,
 3855, 3797, 7052,
    0, 4118, 8235,
    0, 4118, 8235,
    0, 4118, 8235,
  151, 4091, 8182,
  955, 4035, 8069,
 1428, 4003, 8006,
 1785, 3978, 7956,
 2309, 3976, 7951,
 2795, 3975, 7950,
 3196, 3975, 7949,
 3522, 3974, 7948,
 3732, 3973, 7947,
 3860, 3972, 7945,
 3933, 3973, 7947,
 3943, 3954, 7908,
 3903, 3905, 7810,
 3854, 3863, 7726,
    0, 4075, 8733,
    0, 4075, 8733,
    0, 4075, 8733,
   64, 4052, 8682,
  842, 4000, 8572,
 1335, 3970, 8508,
 1691, 3947, 8458,
 2205, 3945, 8453,
 2687, 3945, 8453,
 3086, 3944, 8452,
 3419, 3944, 8451,
 3644, 3943, 8450,
 3782, 3943, 8448,
 3862, 3942, 8447,
 3904, 3944, 8450,
 3901, 3934, 8430,
 3853, 3894, 8345,
    0, 4023, 9194,
    0, 4023, 9194,
    0, 4023, 9194,
    0, 4001, 9146,
  720, 3955, 9039,
 1243, 3927, 8977,
 1602, 3905, 8927,
 2106, 3904, 8922,
 2589, 3903, 8922,
 2987, 3903, 8921,
 3324, 3903, 8920,
 3562, 3902, 8919,
 3711, 3902, 8918,
 3799, 3901, 8917,
 3846, 3901, 8916,
 3864, 3902, 8918,
 3852, 3901, 8916,
    0, 3957, 9609,
    0, 3957, 9609,
    0, 3957, 9609,
    0, 3941, 9570,
  583, 3902, 9476,
 1148, 3876, 9414,
 1514, 3856, 9364,
 2014, 3854, 9360,
 2498, 3854, 9360,
 2895, 3854, 9359,
 3236, 3853, 9358,
 3485, 3853, 9357,
 3644, 3853, 9357,
 3741, 3852, 9356,
 3794, 3852, 9354,
 3816, 3851, 9353,
 3815, 3851, 9352,
 1567,   69,  147,
  783, 1173,  147,
  522, 1173,  147,
 1253, 1156,  144,
 2650, 1099,  137,
 3199, 1038,  130,
 3575,  967,  121,
 3802,  890,  111,
 3980,  651,   81,
 4096,  409,   51,
 4151,  174,   22,
 4166,    7,    1,
 4155,    0,    0,
 4125,    0,    0,
 4082,    0,    0,
 4029,    0,    0,
 3962,    0,    0,
 1567,  587,  147,
  783,  587,  147,
  522,  587,  147,
 1253,  578,  144,
 2650,  549,  137,
 3199,  519,  130,
 3575,  483,  121,
 3802,  445,  111,
 3980,  326,   81,
 4096,  205,   51,
 4151,   87,   22,
 4166,    3,    1,
 4155,    0,    0,
 4125,    0,    0,
 4082,    0,    0,
 4029,    0,    0,
 3962,    0,    0,
 1567,  391,  147,
  783,  391,  147,
  522,  391,  147,
 1253,  385,  144,
 2650,  366,  137,
 3199,  346,  130,
 3575,  322,  121,
 3802,  297,  111,
 3980,  217,   81,
 4096,  136,   51,
 4151,   58,   22,
 4166,    2,    1,
 4155,    0,    0,
 4125,    0,    0,
 4082,    0,    0,
 4029,    0,    0,
 3962,    0,    0,
 1323, 1095,  547,
  661, 1095,  547,
  441, 1095,  547,
 1026,  926,  463,
 2441,  768,  384,
 3070,  756,  378,
 3491,  742,  371,
 3756,  728,  364,
 3934,  663,  331,
 4054,  586,  293,
 4113,  509,  254,
 4133,  439,  219,
 4125,  386,  193,
 4098,  333,  166,
 4058,  276,  138,
 4007,  216,  108,
 3946,  155,   77,
 1009, 2457, 1536,
  504, 2457, 1536,
  336, 2457, 1536,
  753, 2267, 1417,
 1819, 1750, 1093,
 2684, 1681, 1050,
 3270, 1674, 1046,
 3660, 1674, 1046,
 3839, 1626, 1017,
 3969, 1535,  960,
 4037, 1438,  899,
 4063, 1342,  838,
 4062, 1248,  780,
 4041, 1159,  724,
 4006, 1071,  669,
 3961,  984,  615,
 3907,  897,  561,
  867, 3016, 2262,
  434, 3016, 2262,
  289, 3016, 2262,
  726, 2908, 2181,
 1674, 2568, 1926,
 2296, 2252, 1689,
 3052, 2211, 1658,
 3586, 2216, 1662,
 3776, 2187, 1640,
 3917, 2079, 1559,
 3992, 1959, 1469,
 4023, 1843, 1382,
 4026, 1734, 1301,
 4008, 1633, 1225,
 3976, 1539, 1154,
 3933, 1450, 1087,
 3882, 1365, 1024,
  703, 3401, 2976,
  351, 3401, 2976,
  234, 3401, 2976,
  693, 3338, 2920,
 1659, 3161, 2766,
 2205, 2975, 2603,
 2773, 2751, 2407,
 3478, 2738, 2396,
 3696, 2703, 2365,
 3858, 2567, 2246,
 3946, 2419, 2117,
 3986, 2277, 1992,
 3994, 2145, 1877,
 3979, 2025, 1772,
 3950, 1915, 1676,
 3909, 1815, 1588,
 3859, 1722, 1507,
  507, 3713, 3713,
  254, 3713, 3713,
  169, 3713, 3713,
  652, 3678, 3678,
 1636, 3605, 3605,
 2187, 3547, 3547,
 2715, 3457, 3457,
 3284, 3294, 3294,
 3583, 3196, 3196,
 3782, 3052, 3052,
 3893, 2897, 2897,
 3946, 2746, 2746,
 3961, 2604, 2604,
 3952, 2475, 2475,
 3925, 2359, 2359,
 3886, 2255, 2255,
 3839, 2161, 2161,
  124, 3969, 4465,
   62, 3969, 4465,
   41, 3969, 4465,
  541, 3924, 4414,
 1501, 3833, 4312,
 2001, 3777, 4250,
 2451, 3710, 4174,
 2932, 3616, 4067,
 3580, 3605, 4055,
 3779, 3454, 3886,
 3889, 3319, 3733,
 3942, 3180, 3578,
 3959, 3050, 3431,
 3950, 2930, 3296,
 3923, 2821, 3174,
 3885, 2724, 3064,
 3838, 2634, 2963,
    0, 4086, 5107,
    0, 4086, 5107,
    0, 4086, 5107,
  461, 4045, 5056,
 1382, 3963, 4954,
 1855, 3917, 4897,
 2257, 3870, 4837,
 2670, 3811, 4764,
 3274, 3807, 4759,
 3761, 3789, 4737,
 3900, 3653, 4567,
 3941, 3546, 4432,
 3957, 3426, 4283,
 3948, 3312, 4140,
 3922, 3207, 4009,
 3884, 3112, 3890,
 3837, 3026, 3783,
    0, 4141, 5694,
    0, 4141, 5694,
    0, 4141, 5694,
  394, 4105, 5644,
 1272, 4030, 5542,
 1732, 3990, 5486,
 2105, 3953, 5435,
 2475, 3912, 5379,
 3039, 3909, 5375,
 3534, 3908, 5374,
 3860, 3893, 5353,
 3950, 3793, 5216,
 3957, 3700, 5088,
 3947, 3612, 4966,
 3921, 3521, 4842,
 3883, 3436, 4725,
 3836, 3357, 4617,
    0, 4157, 6236,
    0, 4157, 6236,
    0, 4157, 6236,
  322, 4124, 6187,
 1168, 4056, 6085,
 1624, 4020, 6030,
 1979, 3988, 5982,
 2320, 3956, 5934,
 2854, 3954, 5931,
 3335, 3953, 5930,
 3697, 3952, 5928,
 3907, 3942, 5913,
 3962, 3871, 5807,
 3947, 3791, 5687,
 3920, 3723, 5585,
 3882, 3653, 5479,
 3835, 3586, 5379,
    0, 4147, 6739,
    0, 4147, 6739,
    0, 4147, 6739,
  241, 4117, 6691,
 1063, 4055, 6590,
 1524, 4021, 6534,
 1869, 3992, 6488,
 2191, 3965, 6444,
 2700, 3964, 6441,
 3171, 3963, 6440,
 3545, 3962, 6439,
 3783, 3961, 6437,
 3920, 3956, 6429,
 3949, 3907, 6349,
 3920, 3839, 6239,
 3881, 3784, 6149,
 3834, 3729, 6060,
    0, 4118, 7206,
    0, 4118, 7206,
    0, 4118, 7206,
  151, 4091, 7160,
  955, 4035, 7061,
 1428, 4003, 7005,
 1769, 3976, 6958,
 2078, 3952, 6916,
 2569, 3951, 6914,
 3032, 3950, 6913,
 3413, 3949, 6911,
 3666, 3949, 6910,
 3822, 3948, 6909,
 3910, 3946, 6905,
 3920, 3913, 6848,
 3881, 3857, 6749,
 3834, 3810, 6668,
    0, 4075, 7641,
    0, 4075, 7641,
    0, 4075, 7641,
   64, 4052, 7597,
  842, 4000, 7500,
 1335, 3970, 7444,
 1677, 3945, 7397,
 1977, 3923, 7355,
 2452, 3922, 7353,
 2911, 3921, 7353,
 3294, 3921, 7352,
 3563, 3920, 7351,
 3730, 3920, 7349,
 3830, 3919, 7348,
 3883, 3919, 7348,
 3880, 3898, 7309,
 3833, 3852, 7223,
    0, 4023, 8045,
    0, 4023, 8045,
    0, 4023, 8045,
    0, 4001, 8003,
  720, 3955, 7910,
 1243, 3927, 7855,
 1589, 3904, 7807,
 1884, 3883, 7765,
 2347, 3882, 7764,
 2802, 3882, 7763,
 3186, 3881, 7762,
 3468, 3881, 7762,
 3648, 3880, 7760,
 3757, 3880, 7759,
 3818, 3879, 7758,
 3845, 3879, 7759,
 3832, 3869, 7737,
    0, 3957, 8408,
    0, 3957, 8408,
    0, 3957, 8408,
    0, 3941, 8374,
  583, 3902, 8291,
 1148, 3876, 8237,
 1503, 3854, 8190,
 1797, 3835, 8149,
 2249, 3834, 8147,
 2703, 3834, 8146,
 3086, 3833, 8146,
 3381, 3833, 8145,
 3571, 3833, 8144,
 3690, 3832, 8143,
 3758, 3832, 8142,
 3791, 3831, 8141,
 3797, 3830, 8140,
 1409,   59,  111,
  705,  998,  111,
  470,  998,  111,
 1195,  982,  109,
 2573,  926,  103,
 3121,  868,   96,
 3498,  801,   89,
 3801,  720,   80,
 3982,  638,   71,
 4096,  405,   45,
 4151,  174,   19,
 4166,    7,    1,
 4155,    0,    0,
 4125,    0,    0,
 4082,    0,    0,
 4029,    0,    0,
 3962,    0,    0,
 1409,  499,  111,
  705,  499,  111,
  470,  499,  111,
 1195,  491,  109,
 2573,  463,  103,
 3121,  434,   96,
 3498,  400,   89,
 3801,  360,   80,
 3982,  319,   71,
 4096,  203,   45,
 4151,   87,   19,
 4166,    3,    1,
 4155,    0,    0,
 4125,    0,    0,
 4082,    0,    0,
 4029,    0,    0,
 3962,    0,    0,
 1409,  333,  111,
  705,  333,  111,
  470,  333,  111,
 1195,  327,  109,
 2573,  309,  103,
 3121,  289,   96,
 3498,  267,   89,
 3801,  240,   80,
 3982,  213,   71,
 4096,  135,   45,
 4151,   58,   19,
 4166,    2,    1,
 4155,    0,    0,
 4125,    0,    0,
 4082,    0,    0,
 4029,    0,    0,
 3962,    0,    0,
 1158, 1019,  453,
  579, 1019,  453,
  386, 1019,  453,
  969,  855,  380,
 2357,  701,  312,
 2978,  689,  306,
 3394,  676,  300,
 3725,  660,  293,
 3935,  644,  286,
 4054,  577,  256,
 4113,  504,  224,
 4133,  435,  194,
 4125,  384,  171,
 4098,  331,  147,
 4058,  276,  122,
 4007,  215,   96,
 3946,  154,   69,
  845, 2354, 1308,
  422, 2354, 1308,
  282, 2354, 1308,
  688, 2157, 1198,
 1715, 1631,  906,
 2551, 1563,  868,
 3116, 1557,  865,
 3543, 1549,  861,
 3841, 1547,  859,
 3971, 1493,  829,
 4037, 1413,  785,
 4063, 1326,  737,
 4062, 1239,  688,
 4041, 1152,  640,
 4006, 1067,  593,
 3961,  982,  545,
 3907,  895,  497,
  710, 2914, 1943,
  355, 2914, 1943,
  237, 2914, 1943,
  661, 2792, 1861,
 1557, 2408, 1605,
 2136, 2076, 1384,
 2850, 2034, 1356,
 3393, 2029, 1353,
 3781, 2033, 1355,
 3921, 1998, 1332,
 3994, 1911, 1274,
 4024, 1813, 1209,
 4026, 1715, 1143,
 4008, 1620, 1080,
 3976, 1530, 1020,
 3933, 1444,  962,
 3882, 1361,  907,
  553, 3301, 2567,
  277, 3301, 2567,
  184, 3301, 2567,
  629, 3218, 2503,
 1542, 2984, 2321,
 2028, 2746, 2135,
 2529, 2490, 1937,
 3206, 2467, 1919,
 3709, 2474, 1924,
 3867, 2451, 1906,
 3950, 2349, 1827,
 3988, 2232, 1736,
 3994, 2115, 1645,
 3980, 2005, 1559,
 3950, 1901, 1479,
 3909, 1805, 1404,
 3859, 1715, 1334,
  366, 3613, 3212,
  183, 3613, 3212,
  122, 3613, 3212,
  591, 3556, 3161,
 1524, 3417, 3038,
 2017, 3295, 2928,
 2462, 3136, 2788,
 2960, 2940, 2614,
 3604, 2939, 2612,
 3795, 2906, 2583,
 3899, 2781, 2472,
 3948, 2641, 2348,
 3962, 2503, 2225,
 3951, 2373, 2109,
 3925, 2252, 2002,
 3886, 2141, 1903,
 3838, 2038, 1812,
  146, 3888, 3888,
   73, 3888, 3888,
   49, 3888, 3888,
  544, 3850, 3850,
 1499, 3776, 3776,
 1998, 3730, 3730,
 2445, 3672, 3672,
 2916, 3585, 3585,
 3440, 3441, 3441,
 3694, 3347, 3347,
 3832, 3219, 3219,
 3900, 3078, 3078,
 3925, 2936, 2936,
 3922, 2800, 2800,
 3900, 2673, 2673,
 3864, 2557, 2557,
 3819, 2451, 2451,
    0, 4086, 4540,
    0, 4086, 4540,
    0, 4086, 4540,
  461, 4045, 4494,
 1382, 3963, 4404,
 1855, 3917, 4353,
 2257, 3870, 4300,
 2664, 3809, 4232,
 3112, 3721, 4135,
 3675, 3706, 4118,
 3832, 3580, 3978,
 3897, 3461, 3845,
 3923, 3330, 3701,
 3920, 3204, 3560,
 3898, 3085, 3428,
 3862, 2976, 3307,
 3817, 2876, 3196,
    0, 4141, 5062,
    0, 4141, 5062,
    0, 4141, 5062,
  394, 4105, 5017,
 1272, 4030, 4926,
 1732, 3990, 4877,
 2105, 3953, 4831,
 2469, 3911, 4780,
 2862, 3858, 4715,
 3415, 3855, 4711,
 3809, 3834, 4686,
 3907, 3726, 4554,
 3921, 3633, 4441,
 3918, 3530, 4315,
 3897, 3427, 4189,
 3861, 3329, 4069,
 3816, 3237, 3956,
    0, 4157, 5543,
    0, 4157, 5543,
    0, 4157, 5543,
  322, 4124, 5499,
 1168, 4056, 5409,
 1624, 4020, 5360,
 1979, 3988, 5317,
 2315, 3955, 5273,
 2668, 3918, 5224,
 3185, 3916, 5221,
 3619, 3915, 5219,
 3871, 3900, 5200,
 3930, 3813, 5084,
 3919, 3733, 4977,
 3895, 3656, 4875,
 3860, 3575, 4766,
 3816, 3498, 4663,
    0, 4147, 5990,
    0, 4147, 5990,
    0, 4147, 5990,
  241, 4117, 5947,
 1063, 4055, 5858,
 1524, 4021, 5808,
 1869, 3992, 5767,
 2185, 3964, 5726,
 2511, 3935, 5684,
 3000, 3934, 5682,
 3441, 3933, 5681,
 3729, 3932, 5680,
 3892, 3923, 5666,
 3923, 3858, 5572,
 3896, 3787, 5469,
 3859, 3727, 5383,
 3815, 3663, 5291,
    0, 4118, 6405,
    0, 4118, 6405,
    0, 4118, 6405,
  151, 4091, 6364,
  955, 4035, 6276,
 1428, 4003, 6227,
 1769, 3976, 6185,
 2073, 3951, 6146,
 2379, 3926, 6108,
 2846, 3925, 6106,
 3287, 3925, 6105,
 3593, 3924, 6104,
 3781, 3923, 6102,
 3887, 3918, 6095,
 3897, 3871, 6022,
 3860, 3810, 5926,
 3814, 3761, 5850,
    0, 4075, 6792,
    0, 4075, 6792,
    0, 4075, 6792,
   64, 4052, 6753,
  842, 4000, 6667,
 1335, 3970, 6617,
 1677, 3945, 6575,
 1973, 3922, 6537,
 2265, 3900, 6500,
 2712, 3899, 6499,
 3151, 3899, 6498,
 3473, 3898, 6497,
 3675, 3897, 6496,
 3797, 3897, 6495,
 3863, 3895, 6492,
 3859, 3862, 6437,
 3813, 3810, 6350,
    0, 4023, 7151,
    0, 4023, 7151,
    0, 4023, 7151,
    0, 4001, 7113,
  720, 3955, 7031,
 1243, 3927, 6982,
 1589, 3904, 6940,
 1880, 3882, 6902,
 2162, 3862, 6866,
 2595, 3861, 6864,
 3029, 3861, 6864,
 3364, 3860, 6863,
 3580, 3860, 6862,
 3712, 3859, 6861,
 3789, 3859, 6860,
 3827, 3858, 6859,
 3812, 3837, 6822,
    0, 3957, 7473,
    0, 3957, 7473,
    0, 3957, 7473,
    0, 3941, 7444,
  583, 3902, 7370,
 1148, 3876, 7322,
 1502, 3854, 7280,
 1794, 3834, 7242,
 2068, 3815, 7207,
 2488, 3814, 7205,
 2919, 3814, 7204,
 3265, 3814, 7204,
 3493, 3813, 7203,
 3636, 3813, 7202,
 3721, 3812, 7201,
 3766, 3812, 7200,
 3781, 3811, 7199,
 1272,  846,   85,
  636,  846,   85,
  424,  846,   85,
 1141,  832,   83,
 2501,  780,   78,
 3049,  722,   72,
 3427,  656,   66,
 3732,  579,   58,
 3998,  489,   49,
 4102,  390,   39,
 4151,  172,   17,
 4166,    7,    1,
 4155,    0,    0,
 4125,    0,    0,
 4082,    0,    0,
 4029,    0,    0,
 3962,    0,    0,
 1272,  423,   85,
  636,  423,   85,
  424,  423,   85,
 1141,  416,   83,
 2501,  390,   78,
 3049,  361,   72,
 3427,  328,   66,
 3732,  290,   58,
 3998,  245,   49,
 4102,  195,   39,
 4151,   86,   17,
 4166,    3,    1,
 4155,    0,    0,
 4125,    0,    0,
 4082,    0,    0,
 4029,    0,    0,
 3962,    0,    0,
 1272,  282,   85,
  636,  282,   85,
  424,  282,   85,
 1141,  277,   83,
 2501,  260,   78,
 3049,  241,   72,
 3427,  219,   66,
 3732,  193,   58,
 3998,  163,   49,
 4102,  130,   39,
 4151,   57,   17,
 4166,    2,    1,
 4155,    0,    0,
 4125,    0,    0,
 4082,    0,    0,
 4029,    0,    0,
 3962,    0,    0,
 1016,  950,  380,
  508,  950,  380,
  339,  950,  380,
  917,  791,  317,
 2283,  643,  257,
 2898,  631,  252,
 3313,  617,  247,
 3642,  602,  241,
 3927,  583,  233,
 4059,  562,  225,
 4114,  497,  199,
 4133,  432,  173,
 4125,  382,  153,
 4098,  330,  132,
 4058,  275,  110,
 4007,  215,   86,
 3946,  154,   62,
  703, 2258, 1129,
  351, 2258, 1129,
  234, 2258, 1129,
  630, 2058, 1029,
 1633, 1533,  766,
 2450, 1468,  734,
 3001, 1462,  731,
 3417, 1454,  727,
 3766, 1446,  723,
 3971, 1438,  719,
 4038, 1383,  691,
 4064, 1308,  654,
 4062, 1227,  614,
 4041, 1145,  572,
 4006, 1061,  531,
 3961,  978,  489,
 3907,  893,  447,
  575, 2818, 1691,
  287, 2818, 1691,
  192, 2818, 1691,
  604, 2688, 1613,
 1462, 2281, 1368,
 2018, 1943, 1166,
 2706, 1902, 1141,
 3227, 1897, 1138,
 3647, 1892, 1135,
 3919, 1892, 1135,
 3996, 1852, 1111,
 4025, 1777, 1066,
 4027, 1691, 1015,
 4008, 1604,  963,
 3976, 1519,  912,
 3933, 1436,  862,
 3882, 1356,  813,
  420, 3207, 2245,
  210, 3207, 2245,
  140, 3207, 2245,
  572, 3114, 2180,
 1447, 2845, 1992,
 1897, 2576, 1803,
 2361, 2307, 1615,
 3002, 2284, 1599,
 3515, 2280, 1596,
 3865, 2285, 1600,
 3955, 2257, 1580,
 3990, 2176, 1523,
 3995, 2078, 1455,
 3980, 1980, 1386,
 3950, 1884, 1319,
 3909, 1793, 1255,
 3859, 1706, 1194,
  239, 3522, 2817,
  119, 3522, 2817,
   80, 3522, 2817,
  535, 3452, 2762,
 1430, 3269, 2616,
 1886, 3106, 2484,
 2280, 2906, 2325,
 2723, 2688, 2150,
 3349, 2679, 2143,
 3796, 2686, 2149,
 3907, 2663, 2130,
 3952, 2567, 2054,
 3963, 2454, 1963,
 3952, 2339, 1871,
 3925, 2228, 1782,
 3886, 2123, 1699,
 3839, 2026, 1620,
   36, 3798, 3418,
   18, 3798, 3418,
   12, 3798, 3418,
  491, 3745, 3371,
 1409, 3624, 3261,
 1872, 3530, 3177,
 2270, 3422, 3080,
 2674, 3284, 2955,
 3138, 3120, 2808,
 3697, 3118, 2806,
 3844, 3082, 2773,
 3905, 2966, 2670,
 3928, 2835, 2551,
 3923, 2702, 2432,
 3900, 2575, 2317,
 3864, 2455, 2209,
 3818, 2343, 2109,
    0, 4013, 4013,
    0, 4013, 4013,
    0, 4013, 4013,
  460, 3977, 3977,
 1377, 3905, 3905,
 1847, 3865, 3865,
 2245, 3821, 3821,
 2647, 3765, 3765,
 3085, 3681, 3681,
 3563, 3567, 3567,
 3762, 3484, 3484,
 3851, 3369, 3369,
 3888, 3240, 3240,
 3892, 3107, 3107,
 3874, 2977, 2977,
 3842, 2854, 2854,
 3799, 2739, 2739,
    0, 4141, 4556,
    0, 4141, 4556,
    0, 4141, 4556,
  394, 4105, 4515,
 1272, 4030, 4433,
 1732, 3990, 4389,
 2105, 3953, 4348,
 2469, 3911, 4302,
 2857, 3856, 4242,
 3287, 3784, 4162,
 3732, 3763, 4139,
 3849, 3663, 4029,
 3882, 3566, 3922,
 3888, 3455, 3800,
 3871, 3342, 3676,
 3839, 3231, 3555,
 3797, 3125, 3438,
    0, 4157, 4989,
    0, 4157, 4989,
    0, 4157, 4989,
  322, 4124, 4949,
 1168, 4056, 4868,
 1624, 4020, 4824,
 1979, 3988, 4786,
 2315, 3955, 4746,
 2663, 3917, 4700,
 3049, 3872, 4647,
 3523, 3867, 4640,
 3826, 3847, 4617,
 3891, 3759, 4510,
 3887, 3680, 4416,
 3870, 3592, 4311,
 3838, 3503, 4203,
 3796, 3415, 4099,
    0, 4147, 5391,
    0, 4147, 5391,
    0, 4147, 5391,
  241, 4117, 5353,
 1063, 4055, 5272,
 1524, 4021, 5228,
 1869, 3992, 5190,
 2185, 3964, 5154,
 2507, 3935, 5115,
 2859, 3903, 5073,
 3319, 3899, 5069,
 3666, 3898, 5067,
 3860, 3885, 5050,
 3895, 3809, 4951,
 3870, 3741, 4863,
 3837, 3674, 4776,
 3795, 3601, 4682,
    0, 4118, 5765,
    0, 4118, 5765,
    0, 4118, 5765,
  151, 4091, 5728,
  955, 4035, 5648,
 1428, 4003, 5604,
 1769, 3976, 5566,
 2073, 3951, 5531,
 2375, 3926, 5496,
 2701, 3901, 5461,
 3145, 3898, 5457,
 3510, 3897, 5456,
 3736, 3896, 5454,
 3862, 3889, 5444,
 3874, 3828, 5359,
 3838, 3766, 5272,
 3794, 3714, 5199,
    0, 4075, 6113,
    0, 4075, 6113,
    0, 4075, 6113,
   63, 4052, 6077,
  842, 4000, 6000,
 1335, 3970, 5955,
 1677, 3945, 5918,
 1973, 3922, 5883,
 2261, 3900, 5849,
 2567, 3878, 5817,
 2991, 3876, 5814,
 3373, 3875, 5813,
 3614, 3875, 5812,
 3761, 3874, 5811,
 3843, 3870, 5805,
 3839, 3826, 5739,
 3794, 3770, 5654,
    0, 4023, 6436,
    0, 4023, 6436,
    0, 4023, 6436,
    0, 4001, 6402,
  720, 3955, 6328,
 1243, 3927, 6284,
 1589, 3904, 6246,
 1880, 3882, 6211,
 2159, 3861, 6178,
 2449, 3842, 6148,
 2857, 3840, 6145,
 3249, 3840, 6144,
 3506, 3839, 6143,
 3665, 3839, 6142,
 3760, 3838, 6141,
 3809, 3837, 6139,
 3794, 3805, 6089,
    0, 3957, 6726,
    0, 3957, 6726,
    0, 3957, 6726,
    0, 3941, 6699,
  583, 3902, 6633,
 1148, 3876, 6590,
 1502, 3854, 6552,
 1794, 3834, 6518,
 2065, 3815, 6485,
 2344, 3797, 6455,
 2737, 3795, 6452,
 3136, 3795, 6451,
 3408, 3794, 6451,
 3578, 3794, 6450,
 3683, 3794, 6449,
 3741, 3793, 6448,
 3765, 3792, 6447,
 1145,  713,   65,
  573,  713,   65,
  382,  713,   65,
 1090,  698,   63,
 2433,  648,   59,
 2980,  593,   54,
 3361,  529,   48,
 3667,  452,   41,
 3936,  364,   33,
 4121,  262,   24,
 4161,  153,   14,
 4166,    6,    1,
 4155,    0,    0,
 4125,    0,    0,
 4082,    0,    0,
 4029,    0,    0,
 3962,    0,    0,
 1145,  356,   65,
  573,  356,   65,
  382,  356,   65,
 1090,  349,   63,
 2433,  324,   59,
 2980,  296,   54,
 3361,  264,   48,
 3667,  226,   41,
 3936,  182,   33,
 4121,  131,   24,
 4161,   77,   14,
 4166,    3,    1,
 4155,    0,    0,
 4125,    0,    0,
 4082,    0,    0,
 4029,    0,    0,
 3962,    0,    0,
 1145,  238,   65,
  573,  238,   65,
  382,  238,   65,
 1090,  233,   63,
 2433,  216,   59,
 2980,  198,   54,
 3361,  176,   48,
 3667,  151,   41,
 3936,  121,   33,
 4121,   87,   24,
 4161,   51,   14,
 4166,    2,    1,
 4155,    0,    0,
 4125,    0,    0,
 4082,    0,    0,
 4029,    0,    0,
 3962,    0,    0,
  889,  885,  322,
  444,  885,  322,
  296,  885,  322,
  870,  732,  266,
 2216,  589,  214,
 2827,  578,  210,
 3241,  565,  205,
 3570,  549,  200,
 3855,  531,  193,
 4063,  509,  185,
 4122,  484,  176,
 4133,  427,  155,
 4125,  379,  138,
 4098,  328,  119,
 4058,  273,   99,
 4007,  214,   78,
 3946,  153,   56,
  579, 2166,  985,
  289, 2166,  985,
  193, 2166,  985,
  578, 1966,  894,
 1564, 1448,  658,
 2367, 1386,  630,
 2907, 1380,  627,
 3317, 1373,  624,
 3659, 1364,  620,
 3930, 1354,  616,
 4041, 1343,  610,
 4064, 1287,  585,
 4062, 1214,  552,
 4041, 1136,  516,
 4006, 1056,  480,
 3961,  974,  443,
 3907,  890,  405,
  454, 2727, 1488,
  227, 2727, 1488,
  151, 2727, 1488,
  552, 2594, 1415,
 1380, 2173, 1185,
 1925, 1836, 1001,
 2595, 1796,  980,
 3101, 1792,  977,
 3509, 1786,  974,
 3839, 1780,  971,
 3995, 1776,  969,
 4026, 1733,  945,
 4027, 1664,  907,
 4009, 1586,  865,
 3976, 1507,  822,
 3933, 1428,  779,
 3882, 1350,  736,
  303, 3120, 1985,
  151, 3120, 1985,
  101, 3120, 1985,
  521, 3020, 1922,
 1366, 2730, 1737,
 1792, 2440, 1553,
 2235, 2167, 1379,
 2852, 2145, 1365,
 3343, 2141, 1362,
 3742, 2136, 1359,
 3951, 2138, 1360,
 3992, 2105, 1340,
 3996, 2034, 1294,
 3980, 1950, 1241,
 3950, 1864, 1186,
 3909, 1779, 1132,
 3859, 1696, 1079,
  131, 3436, 2499,
   66, 3436, 2499,
   44, 3436, 2499,
  484, 3358, 2442,
 1348, 3148, 2289,
 1781, 2957, 2151,
 2141, 2731, 1986,
 2551, 2502, 1820,
 3146, 2493, 1813,
 3628, 2490, 1811,
 3902, 2495, 1815,
 3956, 2470, 1796,
 3966, 2392, 1740,
 3953, 2297, 1671,
 3925, 2199, 1599,
 3886, 2103, 1529,
 3839, 2011, 1462,
    2, 3714, 3039,
    1, 3714, 3039,
    1, 3714, 3039,
  449, 3652, 2988,
 1328, 3497, 2861,
 1767, 3372, 2759,
 2131, 3229, 2642,
 2489, 3056, 2500,
 2910, 2878, 2355,
 3484, 2870, 2348,
 3840, 2876, 2353,
 3913, 2851, 2332,
 3931, 2760, 2258,
 3925, 2651, 2169,
 3900, 2538, 2076,
 3864, 2428, 1987,
 3818, 2323, 1901,
    0, 3935, 3577,
    0, 3935, 3577,
    0, 3935, 3577,
  426, 3891, 3537,
 1304, 3789, 3445,
 1752, 3717, 3379,
 2119, 3639, 3308,
 2480, 3544, 3222,
 2866, 3424, 3112,
 3311, 3294, 2995,
 3752, 3284, 2986,
 3858, 3244, 2949,
 3890, 3137, 2852,
 3892, 3013, 2739,
 3874, 2886, 2623,
 3841, 2762, 2511,
 3798, 2644, 2403,
    0, 4076, 4076,
    0, 4076, 4076,
    0, 4076, 4076,
  393, 4043, 4043,
 1267, 3976, 3976,
 1723, 3939, 3939,
 2092, 3904, 3904,
 2452, 3865, 3865,
 2834, 3813, 3813,
 3247, 3739, 3739,
 3643, 3651, 3651,
 3791, 3584, 3584,
 3844, 3489, 3489,
 3858, 3378, 3378,
 3847, 3261, 3261,
 3819, 3141, 3141,
 3779, 3023, 3023,
    0, 4157, 4535,
    0, 4157, 4535,
    0, 4157, 4535,
  322, 4124, 4499,
 1168, 4056, 4425,
 1624, 4020, 4385,
 1979, 3988, 4350,
 2315, 3955, 4314,
 2663, 3917, 4273,
 3039, 3868, 4220,
 3430, 3808, 4154,
 3760, 3786, 4130,
 3841, 3706, 4042,
 3852, 3626, 3955,
 3842, 3533, 3854,
 3815, 3437, 3750,
 3776, 3342, 3646,
    0, 4147, 4901,
    0, 4147, 4901,
    0, 4147, 4901,
  241, 4117, 4866,
 1063, 4055, 4793,
 1524, 4021, 4752,
 1869, 3992, 4718,
 2185, 3964, 4685,
 2507, 3935, 4650,
 2849, 3900, 4609,
 3219, 3862, 4564,
 3591, 3855, 4556,
 3821, 3839, 4537,
 3859, 3764, 4449,
 3842, 3697, 4370,
 3814, 3623, 4282,
 3775, 3545, 4189,
    0, 4118, 5241,
    0, 4118, 5241,
    0, 4118, 5241,
  151, 4091, 5207,
  955, 4035, 5135,
 1428, 4003, 5094,
 1769, 3976, 5060,
 2073, 3951, 5029,
 2375, 3926, 4996,
 2692, 3898, 4962,
 3037, 3871, 4926,
 3418, 3866, 4921,
 3684, 3865, 4919,
 3834, 3855, 4906,
 3848, 3787, 4820,
 3814, 3729, 4746,
 3774, 3671, 4672,
    0, 4075, 5557,
    0, 4075, 5557,
    0, 4075, 5557,
   63, 4052, 5525,
  842, 4000, 5455,
 1335, 3970, 5414,
 1677, 3945, 5380,
 1973, 3922, 5348,
 2261, 3900, 5318,
 2559, 3876, 5286,
 2881, 3854, 5256,
 3264, 3851, 5251,
 3549, 3850, 5250,
 3724, 3849, 5249,
 3821, 3844, 5242,
 3818, 3788, 5165,
 3774, 3734, 5091,
    0, 4023, 5851,
    0, 4023, 5851,
    0, 4023, 5851,
    0, 4001, 5820,
  720, 3955, 5752,
 1243, 3927, 5712,
 1589, 3904, 5678,
 1880, 3882, 5647,
 2159, 3861, 5617,
 2442, 3841, 5586,
 2745, 3822, 5559,
 3124, 3819, 5555,
 3428, 3818, 5554,
 3616, 3818, 5553,
 3730, 3817, 5552,
 3791, 3815, 5549,
 3775, 3773, 5488,
    0, 3957, 6115,
    0, 3957, 6115,
    0, 3957, 6115,
    0, 3941, 6090,
  583, 3902, 6030,
 1148, 3876, 5991,
 1502, 3854, 5957,
 1794, 3834, 5925,
 2065, 3815, 5895,
 2338, 3796, 5866,
 2626, 3779, 5840,
 2997, 3776, 5836,
 3317, 3776, 5835,
 3519, 3775, 5835,
 3644, 3775, 5834,
 3715, 3774, 5833,
 3750, 3774, 5832,
 1040,  585,   49,
  520,  585,   49,
  347,  585,   49,
 1044,  572,   48,
 2368,  523,   44,
 2916,  470,   39,
 3297,  405,   34,
 3605,  330,   28,
 3877,  244,   20,
 4072,  146,   12,
 4181,   40,    3,
 4178,    3,    0,
 4155,    0,    0,
 4125,    0,    0,
 4082,    0,    0,
 4029,    0,    0,
 3962,    0,    0,
 1040,  292,   49,
  520,  292,   49,
  347,  292,   49,
 1044,  286,   48,
 2368,  262,   44,
 2916,  235,   39,
 3297,  203,   34,
 3605,  165,   28,
 3877,  122,   20,
 4072,   73,   12,
 4181,   20,    3,
 4178,    1,    0,
 4155,    0,    0,
 4125,    0,    0,
 4082,    0,    0,
 4029,    0,    0,
 3962,    0,    0,
 1040,  195,   49,
  520,  195,   49,
  347,  195,   49,
 1044,  191,   48,
 2368,  174,   44,
 2916,  157,   39,
 3297,  135,   34,
 3605,  110,   28,
 3877,   81,   20,
 4072,   49,   12,
 4181,   13,    3,
 4178,    1,    0,
 4155,    0,    0,
 4125,    0,    0,
 4082,    0,    0,
 4029,    0,    0,
 3962,    0,    0,
  774,  822,  274,
  387,  822,  274,
  258,  822,  274,
  827,  677,  226,
 2153,  540,  180,
 2761,  528,  176,
 3174,  515,  172,
 3503,  499,  166,
 3789,  481,  160,
 4006,  460,  153,
 4132,  436,  145,
 4143,  418,  139,
 4125,  376,  125,
 4098,  326,  109,
 4058,  272,   91,
 4007,  213,   71,
 3946,  153,   51,
  458, 2078,  866,
  229, 2078,  866,
  153, 2078,  866,
  529, 1879,  783,
 1502, 1373,  572,
 2296, 1314,  547,
 2828, 1308,  545,
 3232, 1300,  542,
 3570, 1292,  538,
 3848, 1282,  534,
 4020, 1270,  529,
 4069, 1255,  523,
 4062, 1198,  499,
 4041, 1126,  469,
 4006, 1049,  437,
 3961,  969,  404,
 3907,  887,  370,
  337, 2641, 1321,
  168, 2641, 1321,
  112, 2641, 1321,
  503, 2506, 1253,
 1308, 2078, 1039,
 1848, 1744,  872,
 2504, 1708,  854,
 2999, 1703,  851,
 3398, 1697,  849,
 3730, 1691,  845,
 3947, 1684,  842,
 4028, 1676,  838,
 4028, 1631,  815,
 4009, 1565,  783,
 3976, 1493,  746,
 3933, 1418,  709,
 3882, 1343,  671,
  194, 3035, 1770,
   97, 3035, 1770,
   65, 3035, 1770,
  473, 2932, 1710,
 1294, 2629, 1533,
 1703, 2326, 1357,
 2135, 2054, 1198,
 2733, 2032, 1185,
 3210, 2028, 1183,
 3605, 2023, 1180,
 3875, 2018, 1177,
 3991, 2017, 1176,
 3998, 1981, 1155,
 3981, 1915, 1117,
 3950, 1840, 1073,
 3909, 1762, 1028,
 3859, 1684,  983,
   33, 3354, 2236,
   16, 3354, 2236,
   11, 3354, 2236,
  438, 3271, 2181,
 1277, 3043, 2029,
 1692, 2834, 1889,
 2028, 2589, 1726,
 2420, 2358, 1572,
 2992, 2349, 1566,
 3460, 2345, 1564,
 3794, 2341, 1561,
 3952, 2344, 1563,
 3968, 2316, 1544,
 3954, 2247, 1498,
 3926, 2165, 1443,
 3886, 2079, 1386,
 3839, 1994, 1329,
    0, 3634, 2726,
    0, 3634, 2726,
    0, 3634, 2726,
  414, 3566, 2674,
 1256, 3389, 2542,
 1679, 3241, 2430,
 2019, 3075, 2306,
 2345, 2878, 2159,
 2738, 2692, 2019,
 3286, 2685, 2014,
 3699, 2682, 2011,
 3907, 2687, 2015,
 3935, 2662, 1996,
 3926, 2587, 1940,
 3901, 2494, 1870,
 3864, 2396, 1797,
 3818, 2300, 1725,
    0, 3866, 3222,
    0, 3866, 3222,
    0, 3866, 3222,
  390, 3814, 3178,
 1232, 3687, 3072,
 1664, 3587, 2989,
 2008, 3479, 2899,
 2337, 3352, 2793,
 2681, 3201, 2668,
 3094, 3063, 2553,
 3582, 3051, 2542,
 3852, 3055, 2546,
 3897, 3027, 2522,
 3895, 2940, 2450,
 3875, 2834, 2361,
 3842, 2724, 2270,
 3798, 2615, 2179,
    0, 4009, 3674,
    0, 4009, 3674,
    0, 4009, 3674,
  361, 3971, 3640,
 1204, 3886, 3562,
 1646, 3828, 3509,
 1995, 3771, 3457,
 2327, 3706, 3397,
 2673, 3628, 3326,
 3047, 3531, 3237,
 3450, 3436, 3150,
 3777, 3424, 3139,
 3848, 3385, 3103,
 3859, 3289, 3015,
 3846, 3176, 2912,
 3818, 3057, 2802,
 3777, 2937, 2693,
    0, 4098, 4098,
    0, 4098, 4098,
    0, 4098, 4098,
  321, 4068, 4068,
 1162, 4007, 4007,
 1615, 3973, 3973,
 1967, 3943, 3943,
 2299, 3912, 3912,
 2643, 3875, 3875,
 3013, 3829, 3829,
 3391, 3766, 3766,
 3685, 3694, 3694,
 3792, 3640, 3640,
 3820, 3563, 3563,
 3817, 3472, 3472,
 3794, 3373, 3373,
 3758, 3271, 3271,
    0, 4147, 4493,
    0, 4147, 4493,
    0, 4147, 4493,
  241, 4117, 4461,
 1063, 4055, 4393,
 1523, 4021, 4356,
 1869, 3992, 4325,
 2185, 3964, 4295,
 2507, 3935, 4262,
 2849, 3900, 4225,
 3209, 3857, 4178,
 3523, 3806, 4124,
 3765, 3786, 4101,
 3816, 3720, 4030,
 3811, 3653, 3958,
 3790, 3575, 3873,
 3754, 3494, 3785,
    0, 4118, 4804,
    0, 4118, 4804,
    0, 4118, 4804,
  151, 4091, 4773,
  955, 4035, 4707,
 1428, 4003, 4670,
 1769, 3976, 4639,
 2073, 3951, 4610,
 2375, 3926, 4580,
 2692, 3898, 4548,
 3028, 3867, 4512,
 3349, 3834, 4473,
 3627, 3828, 4466,
 3800, 3815, 4451,
 3817, 3751, 4376,
 3789, 3694, 4310,
 3753, 3630, 4235,
    0, 4075, 5094,
    0, 4075, 5094,
    0, 4075, 5094,
   63, 4052, 5064,
  842, 4000, 5000,
 1335, 3970, 4963,
 1677, 3945, 4931,
 1973, 3922, 4903,
 2261, 3900, 4874,
 2559, 3876, 4846,
 2872, 3851, 4814,
 3191, 3827, 4784,
 3480, 3823, 4778,
 3683, 3822, 4777,
 3797, 3815, 4768,
 3794, 3753, 4691,
 3753, 3704, 4630,
    0, 4023, 5363,
    0, 4023, 5363,
    0, 4023, 5363,
    0, 4001, 5335,
  720, 3955, 5273,
 1243, 3927, 5236,
 1589, 3904, 5205,
 1880, 3882, 5176,
 2159, 3861, 5148,
 2442, 3841, 5121,
 2738, 3819, 5093,
 3048, 3800, 5066,
 3347, 3796, 5062,
 3565, 3795, 5061,
 3699, 3795, 5060,
 3772, 3792, 5056,
 3756, 3739, 4986,
    0, 3957, 5605,
    0, 3957, 5605,
    0, 3957, 5605,
    0, 3941, 5583,
  583, 3902, 5527,
 1148, 3876, 5491,
 1502, 3854, 5460,
 1794, 3834, 5432,
 2065, 3815, 5404,
 2338, 3796, 5377,
 2619, 3777, 5350,
 2918, 3760, 5326,
 3225, 3757, 5322,
 3459, 3756, 5321,
 3604, 3756, 5321,
 3690, 3755, 5320,
 3734, 3754, 5319,
   56,  456,   35,
  476,  456,   35,
  318,  456,   35,
 1001,  442,   34,
 2306,  395,   30,
 2854,  343,   26,
 3236,  280,   22,
 3546,  208,   16,
 3818,  126,   10,
 4023,   35,    3,
 4140,    0,    0,
 4200,    0,    0,
 4167,    0,    0,
 4125,    0,    0,
 4082,    0,    0,
 4029,    0,    0,
 3962,    0,    0,
  953,  228,   35,
  476,  228,   35,
  318,  228,   35,
 1001,  221,   34,
 2306,  198,   30,
 2854,  171,   26,
 3236,  140,   22,
 3546,  104,   16,
 3818,   63,   10,
 4023,   18,    3,
 4140,    0,    0,
 4200,    0,    0,
 4167,    0,    0,
 4125,    0,    0,
 4082,    0,    0,
 4029,    0,    0,
 3962,    0,    0,
  953,  152,   35,
  476,  152,   35,
  318,  152,   35,
 1001,  147,   34,
 2306,  132,   30,
 2854,  114,   26,
 3236,   93,   22,
 3546,   69,   16,
 3818,   42,   10,
 4023,   12,    3,
 4140,    0,    0,
 4200,    0,    0,
 4167,    0,    0,
 4125,    0,    0,
 4082,    0,    0,
 4029,    0,    0,
 3962,    0,    0,
  665,  763,  235,
  333,  763,  235,
  222,  763,  235,
  785,  623,  192,
 2094,  491,  151,
 2699,  480,  148,
 3111,  467,  144,
 3440,  452,  139,
 3727,  434,  133,
 3952,  413,  127,
 4086,  397,  122,
 4157,  385,  118,
 4135,  368,  113,
 4098,  324,  100,
 4058,  271,   83,
 4007,  212,   65,
 3946,  152,   47,
  335, 1994,  767,
  167, 1994,  767,
  112, 1994,  767,
  481, 1797,  691,
 1447, 1303,  501,
 2232, 1248,  480,
 2759, 1242,  478,
 3158, 1234,  475,
 3493, 1226,  471,
 3776, 1216,  468,
 3956, 1204,  463,
 4061, 1191,  458,
 4069, 1174,  451,
 4041, 1114,  429,
 4006, 1041,  401,
 3961,  964,  371,
 3907,  884,  340,
  221, 2558, 1181,
  110, 2558, 1181,
   74, 2558, 1181,
  457, 2422, 1118,
 1243, 1991,  919,
 1781, 1664,  768,
 2427, 1629,  752,
 2914, 1625,  750,
 3306, 1619,  747,
 3639, 1613,  744,
 3865, 1606,  741,
 4000, 1598,  737,
 4031, 1588,  733,
 4009, 1541,  711,
 3976, 1477,  682,
 3933, 1407,  649,
 3882, 1335,  616,
   84, 2953, 1590,
   42, 2953, 1590,
   28, 2953, 1590,
  427, 2849, 1534,
 1228, 2538, 1367,
 1625, 2227, 1199,
 2051, 1957, 1054,
 2637, 1937, 1043,
 3102, 1933, 1041,
 3492, 1929, 1039,
 3772, 1923, 1036,
 3942, 1918, 1033,
 3998, 1913, 1030,
 3982, 1875, 1009,
 3951, 1813,  976,
 3909, 1744,  939,
 3859, 1671,  900,
    0, 3275, 2015,
    0, 3275, 2015,
    0, 3275, 2015,
  400, 3189, 1963,
 1211, 2949, 1815,
 1614, 2728, 1679,
 1933, 2471, 1520,
 2314, 2239, 1378,
 2869, 2231, 1373,
 3324, 2228, 1371,
 3669, 2224, 1369,
 3880, 2219, 1366,
 3966, 2219, 1366,
 3956, 2188, 1346,
 3927, 2125, 1308,
 3887, 2051, 1262,
 3839, 1974, 1215,
    0, 3556, 2462,
    0, 3556, 2462,
    0, 3556, 2462,
  380, 3484, 2412,
 1191, 3293, 2280,
 1602, 3129, 2167,
 1924, 2946, 2040,
 2228, 2734, 1893,
 2602, 2545, 1762,
 3131, 2538, 1757,
 3549, 2534, 1755,
 3812, 2531, 1752,
 3931, 2534, 1754,
 3929, 2507, 1735,
 3903, 2440, 1689,
 3865, 2359, 1633,
 3819, 2273, 1574,
    0, 3797, 2921,
    0, 3797, 2921,
    0, 3797, 2921,
  355, 3740, 2877,
 1166, 3593, 2764,
 1587, 3474, 2672,
 1913, 3343, 2571,
 2219, 3195, 2458,
 2534, 3023, 2326,
 2923, 2880, 2216,
 3409, 2868, 2207,
 3734, 2866, 2204,
 3892, 2870, 2207,
 3899, 2843, 2187,
 3877, 2769, 2130,
 3843, 2678, 2060,
 3799, 2582, 1986,
    0, 3951, 3343,
    0, 3951, 3343,
    0, 3951, 3343,
  326, 3908, 3307,
 1138, 3805, 3219,
 1569, 3729, 3155,
 1901, 3649, 3088,
 2210, 3560, 3012,
 2526, 3456, 2924,
 2865, 3333, 2821,
 3259, 3232, 2735,
 3640, 3220, 2724,
 3843, 3222, 2727,
 3865, 3191, 2700,
 3849, 3108, 2630,
 3819, 3006, 2543,
 3778, 2899, 2453,
    0, 4039, 3728,
    0, 4039, 3728,
    0, 4039, 3728,
  290, 4006, 3698,
 1105, 3932, 3630,
 1549, 3885, 3586,
 1887, 3840, 3544,
 2199, 3791, 3500,
 2518, 3737, 3449,
 2858, 3673, 3391,
 3216, 3597, 3321,
 3540, 3528, 3257,
 3779, 3517, 3246,
 3822, 3479, 3212,
 3817, 3399, 3137,
 3793, 3303, 3049,
 3756, 3201, 2955,
    0, 4092, 4092,
    0, 4092, 4092,
    0, 4092, 4092,
  241, 4065, 4065,
 1058, 4009, 4009,
 1516, 3978, 3978,
 1859, 3951, 3951,
 2172, 3924, 3924,
 2490, 3896, 3896,
 2828, 3864, 3864,
 3185, 3824, 3824,
 3491, 3770, 3770,
 3701, 3710, 3710,
 3775, 3666, 3666,
 3783, 3602, 3602,
 3768, 3526, 3526,
 3736, 3443, 3443,
    0, 4118, 4435,
    0, 4118, 4435,
    0, 4118, 4435,
  151, 4091, 4406,
  955, 4035, 4345,
 1428, 4003, 4311,
 1769, 3976, 4282,
 2073, 3951, 4255,
 2375, 3926, 4228,
 2692, 3898, 4198,
 3028, 3867, 4164,
 3341, 3829, 4123,
 3577, 3786, 4077,
 3754, 3769, 4059,
 3780, 3715, 4000,
 3762, 3658, 3939,
 3732, 3592, 3868,
    0, 4075, 4702,
    0, 4075, 4702,
    0, 4075, 4702,
   63, 4052, 4675,
  842, 4000, 4615,
 1335, 3970, 4581,
 1677, 3945, 4552,
 1973, 3922, 4526,
 2261, 3900, 4500,
 2559, 3876, 4473,
 2872, 3851, 4444,
 3185, 3823, 4411,
 3433, 3794, 4378,
 3638, 3789, 4372,
 3768, 3781, 4362,
 3767, 3723, 4296,
 3731, 3676, 4242,
    0, 4023, 4951,
    0, 4023, 4951,
    0, 4023, 4951,
    0, 4001, 4925,
  720, 3955, 4867,
 1243, 3927, 4834,
 1589, 3904, 4805,
 1880, 3882, 4778,
 2159, 3861, 4752,
 2442, 3841, 4727,
 2738, 3819, 4701,
 3043, 3797, 4673,
 3300, 3775, 4646,
 3515, 3771, 4641,
 3666, 3770, 4640,
 3751, 3766, 4636,
 3735, 3709, 4565,
    0, 3957, 5174,
    0, 3957, 5174,
    0, 3957, 5174,
    0, 3941, 5153,
  583, 3902, 5102,
 1148, 3876, 5069,
 1502, 3854, 5040,
 1794, 3834, 5014,
 2065, 3815, 4988,
 2338, 3796, 4963,
 2619, 3777, 4939,
 2914, 3757, 4913,
 3177, 3739, 4890,
 3400, 3736, 4886,
 3565, 3736, 4885,
 3664, 3735, 4884,
 3717, 3734, 4883,
  872,  327,   23,
  436,  327,   23,
  291,  327,   23,
  959,  314,   22,
 2244,  269,   19,
 2794,  219,   16,
 3178,  159,   11,
 3488,   91,    6,
 3763,   20,    1,
 3976,    0,    0,
 4100,    0,    0,
 4166,    0,    0,
 4190,    0,    0,
 4136,    0,    0,
 4082,    0,    0,
 4029,    0,    0,
 3962,    0,    0,
  872,  163,   23,
  436,  163,   23,
  291,  163,   23,
  959,  157,   22,
 2244,  134,   19,
 2794,  110,   16,
 3178,   80,   11,
 3488,   45,    6,
 3763,   10,    1,
 3976,    0,    0,
 4100,    0,    0,
 4166,    0,    0,
 4190,    0,    0,
 4136,    0,    0,
 4082,    0,    0,
 4029,    0,    0,
 3962,    0,    0,
  872,  109,   23,
  436,  109,   23,
  291,  109,   23,
  959,  105,   22,
 2244,   90,   19,
 2794,   73,   16,
 3178,   53,   11,
 3488,   30,    6,
 3763,    7,    1,
 3976,    0,    0,
 4100,    0,    0,
 4166,    0,    0,
 4190,    0,    0,
 4136,    0,    0,
 4082,    0,    0,
 4029,    0,    0,
 3962,    0,    0,
  560,  704,  201,
  280,  704,  201,
  187,  704,  201,
  745,  571,  163,
 2037,  445,  127,
 2640,  434,  124,
 3051,  421,  120,
 3381,  405,  116,
 3668,  388,  111,
 3901,  376,  107,
 4042,  364,  104,
 4119,  351,  100,
 4152,  335,   96,
 4108,  317,   90,
 4058,  269,   77,
 4007,  211,   60,
 3946,  151,   43,
  213, 1912,  683,
  107, 1912,  683,
   71, 1912,  683,
  435, 1718,  613,
 1395, 1238,  442,
 2174, 1186,  424,
 2696, 1180,  421,
 3092, 1172,  419,
 3425, 1164,  416,
 3711, 1154,  412,
 3900, 1142,  408,
 4011, 1129,  403,
 4069, 1113,  398,
 4048, 1095,  391,
 4006, 1033,  369,
 3961,  959,  342,
 3907,  880,  314,
  107, 2477, 1062,
   53, 2477, 1062,
   36, 2477, 1062,
  412, 2342, 1004,
 1181, 1911,  819,
 1721, 1592,  682,
 2361, 1559,  668,
 2840, 1555,  666,
 3227, 1549,  664,
 3559, 1543,  661,
 3794, 1536,  658,
 3936, 1528,  655,
 4016, 1518,  651,
 4013, 1508,  646,
 3976, 1458,  625,
 3933, 1394,  598,
 3882, 1326,  568,
    6, 2874, 1437,
    3, 2874, 1437,
    2, 2874, 1437,
  386, 2769, 1385,
 1167, 2454, 1227,
 1556, 2138, 1069,
 1980, 1874,  937,
 2556, 1855,  927,
 3012, 1851,  925,
 3395, 1846,  923,
 3684, 1841,  921,
 3863, 1836,  918,
 3967, 1829,  914,
 3984, 1823,  912,
 3951, 1782,  891,
 3909, 1722,  861,
 3860, 1656,  828,
    0, 3197, 1827,
    0, 3197, 1827,
    0, 3197, 1827,
  368, 3110, 1777,
 1150, 2864, 1637,
 1545, 2635, 1506,
 1851, 2369, 1353,
 2226, 2139, 1223,
 2769, 2132, 1218,
 3212, 2128, 1216,
 3563, 2124, 1214,
 3785, 2120, 1211,
 3918, 2115, 1209,
 3956, 2113, 1208,
 3927, 2078, 1188,
 3887, 2019, 1154,
 3839, 1951, 1115,
    0, 3482, 2238,
    0, 3482, 2238,
    0, 3482, 2238,
  347, 3407, 2190,
 1129, 3206, 2061,
 1532, 3032, 1949,
 1842, 2837, 1824,
 2129, 2612, 1679,
 2492, 2423, 1557,
 3005, 2416, 1553,
 3424, 2413, 1551,
 3699, 2409, 1549,
 3866, 2405, 1546,
 3927, 2406, 1547,
 3904, 2377, 1528,
 3865, 2316, 1489,
 3819, 2242, 1442,
    0, 3730, 2664,
    0, 3730, 2664,
    0, 3730, 2664,
  321, 3668, 2620,
 1105, 3508, 2506,
 1517, 3373, 2409,
 1832, 3227, 2305,
 2120, 3063, 2188,
 2413, 2877, 2055,
 2785, 2731, 1951,
 3264, 2720, 1943,
 3602, 2717, 1941,
 3808, 2714, 1938,
 3896, 2717, 1941,
 3879, 2689, 1921,
 3843, 2623, 1874,
 3799, 2542, 1816,
    0, 3894, 3060,
    0, 3894, 3060,
    0, 3894, 3060,
  291, 3848, 3023,
 1076, 3731, 2931,
 1500, 3640, 2860,
 1819, 3542, 2783,
 2111, 3434, 2698,
 2405, 3308, 2599,
 2717, 3166, 2487,
 3097, 3057, 2402,
 3493, 3045, 2393,
 3742, 3043, 2391,
 3861, 3046, 2393,
 3852, 3016, 2370,
 3820, 2943, 2312,
 3779, 2853, 2242,
    0, 3990, 3420,
    0, 3990, 3420,
    0, 3990, 3420,
  254, 3954, 3389,
 1043, 3868, 3315,
 1480, 3807, 3263,
 1805, 3745, 3210,
 2100, 3679, 3154,
 2397, 3606, 3090,
 2710, 3523, 3019,
 3042, 3429, 2940,
 3382, 3359, 2880,
 3668, 3350, 2871,
 3819, 3351, 2872,
 3821, 3319, 2845,
 3795, 3246, 2782,
 3757, 3156, 2705,
    0, 4040, 3751,
    0, 4040, 3751,
    0, 4040, 3751,
  210, 4011, 3725,
 1006, 3947, 3665,
 1457, 3906, 3627,
 1789, 3868, 3592,
 2088, 3830, 3556,
 2387, 3788, 3518,
 2702, 3742, 3475,
 3036, 3691, 3427,
 3347, 3632, 3372,
 3591, 3581, 3325,
 3765, 3571, 3316,
 3785, 3535, 3283,
 3767, 3467, 3219,
 3735, 3386, 3144,
    0, 4066, 4066,
    0, 4066, 4066,
    0, 4066, 4066,
  154, 4042, 4042,
  953, 3991, 3991,
 1423, 3962, 3962,
 1762, 3937, 3937,
 2063, 3914, 3914,
 2363, 3891, 3891,
 2677, 3866, 3866,
 3009, 3837, 3837,
 3322, 3802, 3802,
 3552, 3757, 3757,
 3698, 3705, 3705,
 3744, 3670, 3670,
 3738, 3616, 3616,
 3712, 3552, 3552,
    0, 4075, 4366,
    0, 4075, 4366,
    0, 4075, 4366,
   63, 4052, 4341,
  841, 4000, 4286,
 1335, 3970, 4254,
 1677, 3945, 4227,
 1973, 3922, 4202,
 2261, 3900, 4178,
 2559, 3876, 4153,
 2872, 3851, 4126,
 3185, 3823, 4096,
 3428, 3790, 4060,
 3601, 3753, 4021,
 3730, 3740, 4008,
 3734, 3695, 3959,
 3708, 3646, 3906,
    0, 4023, 4597,
    0, 4023, 4597,
    0, 4023, 4597,
    0, 4001, 4573,
  720, 3955, 4520,
 1243, 3927, 4488,
 1589, 3904, 4461,
 1880, 3882, 4437,
 2159, 3861, 4413,
 2442, 3841, 4389,
 2738, 3819, 4365,
 3043, 3797, 4339,
 3297, 3772, 4310,
 3484, 3746, 4281,
 3632, 3742, 4276,
 3727, 3737, 4271,
 3711, 3685, 4212,
    0, 3957, 4804,
    0, 3957, 4804,
    0, 3957, 4804,
    0, 3941, 4785,
  583, 3902, 4738,
 1148, 3876, 4707,
 1502, 3854, 4680,
 1794, 3834, 4656,
 2065, 3815, 4632,
 2338, 3796, 4609,
 2619, 3777, 4586,
 2914, 3757, 4562,
 3175, 3737, 4537,
 3372, 3717, 4514,
 3528, 3714, 4510,
 3638, 3713, 4509,
 3700, 3712, 4508,
  784,  202,   13,
  392,  202,   13,
  261,  202,   13,
  918,  191,   13,
 2185,  150,   10,
 2735,  102,    7,
 3119,   46,    3,
 3433,    0,    0,
 3708,    0,    0,
 3929,    0,    0,
 4060,    0,    0,
 4131,    0,    0,
 4160,    0,    0,
 4160,    0,    0,
 4090,    0,    0,
 4029,    0,    0,
 3962,    0,    0,
  784,  101,   13,
  392,  101,   13,
  261,  101,   13,
  918,   95,   13,
 2185,   75,   10,
 2735,   51,    7,
 3119,   23,    3,
 3433,    0,    0,
 3708,    0,    0,
 3929,    0,    0,
 4060,    0,    0,
 4131,    0,    0,
 4160,    0,    0,
 4160,    0,    0,
 4090,    0,    0,
 4029,    0,    0,
 3962,    0,    0,
  784,   67,   13,
  392,   67,   13,
  261,   67,   13,
  918,   64,   13,
 2185,   50,   10,
 2735,   34,    7,
 3119,   15,    3,
 3433,    0,    0,
 3708,    0,    0,
 3929,    0,    0,
 4060,    0,    0,
 4131,    0,    0,
 4160,    0,    0,
 4160,    0,    0,
 4090,    0,    0,
 4029,    0,    0,
 3962,    0,    0,
  456,  649,  173,
  228,  649,  173,
  152,  649,  173,
  706,  520,  139,
 1981,  399,  106,
 2582,  389,  104,
 2994,  376,  100,
 3325,  363,   97,
 3612,  354,   94,
 3851,  344,   92,
 3999,  332,   88,
 4082,  317,   85,
 4121,  301,   80,
 4128,  283,   76,
 4065,  263,   70,
 4007,  210,   56,
 3946,  151,   40,
  100, 1833,  611,
   50, 1833,  611,
   33, 1833,  611,
  391, 1641,  547,
 1346, 1176,  392,
 2120, 1127,  376,
 2638, 1121,  374,
 3032, 1114,  371,
 3363, 1105,  368,
 3651, 1095,  365,
 3848, 1083,  361,
 3965, 1069,  356,
 4029, 1054,  351,
 4054, 1037,  346,
 4012, 1018,  339,
 3961,  952,  317,
 3907,  875,  292,
   15, 2397,  959,
    7, 2397,  959,
    5, 2397,  959,
  370, 2264,  906,
 1123, 1835,  734,
 1667, 1525,  610,
 2300, 1495,  598,
 2775, 1490,  596,
 3157, 1485,  594,
 3487, 1479,  592,
 3731, 1472,  589,
 3880, 1463,  585,
 3966, 1454,  582,
 4008, 1444,  578,
 3981, 1433,  573,
 3933, 1380,  552,
 3882, 1316,  527,
    0, 2797, 1305,
    0, 2797, 1305,
    0, 2797, 1305,
  354, 2692, 1256,
 1108, 2376, 1109,
 1491, 2056,  960,
 1917, 1798,  839,
 2486, 1781,  831,
 2934, 1777,  829,
 3311, 1773,  827,
 3608, 1768,  825,
 3795, 1762,  822,
 3906, 1755,  819,
 3966, 1748,  816,
 3954, 1742,  813,
 3909, 1698,  792,
 3860, 1639,  765,
    0, 3123, 1666,
    0, 3123, 1666,
    0, 3123, 1666,
  337, 3035, 1619,
 1091, 2784, 1485,
 1481, 2550, 1360,
 1778, 2277, 1215,
 2150, 2052, 1095,
 2683, 2045, 1091,
 3118, 2042, 1089,
 3472, 2038, 1087,
 3703, 2034, 1085,
 3844, 2029, 1082,
 3924, 2023, 1079,
 3929, 2021, 1078,
 3887, 1983, 1057,
 3839, 1926, 1027,
    0, 3408, 2045,
    0, 3408, 2045,
    0, 3408, 2045,
  315, 3333, 2000,
 1071, 3126, 1875,
 1468, 2943, 1766,
 1769, 2739, 1643,
 2042, 2506, 1504,
 2399, 2318, 1391,
 2901, 2312, 1387,
 3316, 2309, 1386,
 3602, 2306, 1384,
 3778, 2302, 1381,
 3881, 2297, 1378,
 3904, 2298, 1379,
 3866, 2265, 1359,
 3819, 2207, 1324,
    0, 3663, 2442,
    0, 3663, 2442,
    0, 3663, 2442,
  288, 3599, 2399,
 1046, 3428, 2285,
 1453, 3282, 2188,
 1759, 3125, 2083,
 2034, 2950, 1967,
 2309, 2752, 1835,
 2671, 2606, 1737,
 3141, 2595, 1730,
 3490, 2592, 1728,
 3706, 2589, 1726,
 3836, 2586, 1724,
 3878, 2588, 1725,
 3844, 2557, 1705,
 3799, 2497, 1664,
    0, 3837, 2814,
    0, 3837, 2814,
    0, 3837, 2814,
  257, 3788, 2778,
 1017, 3661, 2685,
 1436, 3558, 2609,
 1746, 3446, 2527,
 2025, 3322, 2436,
 2302, 3180, 2332,
 2592, 3020, 2215,
 2960, 2908, 2133,
 3365, 2897, 2125,
 3628, 2895, 2123,
 3786, 2892, 2121,
 3851, 2895, 2123,
 3822, 2864, 2100,
 3779, 2798, 2052,
    0, 3942, 3153,
    0, 3942, 3153,
    0, 3942, 3153,
  219, 3903, 3122,
  984, 3808, 3046,
 1416, 3735, 2988,
 1732, 3661, 2929,
 2014, 3581, 2865,
 2294, 3491, 2793,
 2585, 3391, 2713,
 2894, 3282, 2625,
 3241, 3208, 2566,
 3543, 3200, 2560,
 3732, 3197, 2558,
 3820, 3199, 2559,
 3798, 3168, 2535,
 3758, 3100, 2480,
    0, 3998, 3465,
    0, 3998, 3465,
    0, 3998, 3465,
  174, 3967, 3438,
  946, 3894, 3375,
 1394, 3843, 3331,
 1717, 3794, 3288,
 2003, 3742, 3243,
 2284, 3686, 3194,
 2578, 3625, 3142,
 2888, 3559, 3085,
 3197, 3490, 3024,
 3461, 3442, 2983,
 3673, 3435, 2977,
 3784, 3435, 2977,
 3771, 3403, 2949,
 3736, 3339, 2894,
    0, 4020, 3752,
    0, 4020, 3752,
    0, 4020, 3752,
  126, 3995, 3729,
  902, 3939, 3676,
 1368, 3903, 3642,
 1699, 3870, 3612,
 1989, 3837, 3581,
 2274, 3803, 3550,
 2569, 3768, 3517,
 2881, 3730, 3481,
 3191, 3688, 3442,
 3433, 3643, 3400,
 3613, 3604, 3364,
 3740, 3597, 3357,
 3739, 3563, 3325,
 3711, 3503, 3270,
    0, 4024, 4024,
    0, 4024, 4024,
    0, 4024, 4024,
   69, 4003, 4003,
  844, 3958, 3958,
 1333, 3931, 3931,
 1672, 3908, 3908,
 1967, 3888, 3888,
 2253, 3867, 3867,
 2549, 3847, 3847,
 2860, 3824, 3824,
 3172, 3799, 3799,
 3416, 3770, 3770,
 3585, 3732, 3732,
 3682, 3687, 3687,
 3704, 3657, 3657,
 3686, 3611, 3611,
    0, 4023, 4291,
    0, 4023, 4291,
    0, 4023, 4291,
    0, 4001, 4268,
  720, 3955, 4218,
 1243, 3927, 4189,
 1589, 3904, 4164,
 1880, 3882, 4141,
 2159, 3861, 4119,
 2442, 3841, 4097,
 2738, 3819, 4074,
 3043, 3797, 4050,
 3297, 3772, 4023,
 3481, 3742, 3992,
 3605, 3710, 3958,
 3696, 3703, 3950,
 3683, 3664, 3908,
    0, 3957, 4484,
    0, 3957, 4484,
    0, 3957, 4484,
    0, 3941, 4466,
  583, 3902, 4422,
 1148, 3876, 4393,
 1502, 3854, 4368,
 1794, 3834, 4345,
 2065, 3815, 4323,
 2338, 3796, 4302,
 2619, 3777, 4280,
 2914, 3757, 4258,
 3175, 3737, 4235,
 3371, 3714, 4210,
 3510, 3692, 4184,
 3613, 3689, 4181,
 3679, 3688, 4180,
  698,   82,    5,
  349,   82,    5,
  233,   82,    5,
  878,   72,    4,
 2128,   35,    2,
 2676,    1,    0,
 3063,    0,    0,
 3377,    0,    0,
 3655,    0,    0,
 3883,    0,    0,
 4021,    0,    0,
 4098,    0,    0,
 4132,    0,    0,
 4135,    0,    0,
 4117,    0,    0,
 4033,    0,    0,
 3962,    0,    0,
  698,   41,    5,
  349,   41,    5,
  233,   41,    5,
  878,   36,    4,
 2128,   18,    2,
 2676,    1,    0,
 3063,    0,    0,
 3377,    0,    0,
 3655,    0,    0,
 3883,    0,    0,
 4021,    0,    0,
 4098,    0,    0,
 4132,    0,    0,
 4135,    0,    0,
 4117,    0,    0,
 4033,    0,    0,
 3962,    0,    0,
  698,   27,    5,
  349,   27,    5,
  233,   27,    5,
  878,   24,    4,
 2128,   12,    2,
 2676,    0,    0,
 3063,    0,    0,
 3377,    0,    0,
 3655,    0,    0,
 3883,    0,    0,
 4021,    0,    0,
 4098,    0,    0,
 4132,    0,    0,
 4135,    0,    0,
 4117,    0,    0,
 4033,    0,    0,
 3962,    0,    0,
  354,  595,  149,
  177,  595,  149,
  118,  595,  149,
  668,  472,  118,
 1927,  356,   89,
 2525,  347,   87,
 2938,  340,   85,
 3269,  333,   83,
 3558,  323,   81,
 3803,  312,   78,
 3958,  300,   75,
 4047,  285,   71,
 4091,  269,   67,
 4101,  249,   62,
 4088,  227,   57,
 4012,  207,   52,
 3946,  150,   38,
    7, 1756,  549,
    3, 1756,  549,
    2, 1756,  549,
  350, 1567,  490,
 1300, 1117,  349,
 2070, 1071,  335,
 2583, 1065,  333,
 2975, 1058,  331,
 3305, 1049,  328,
 3595, 1039,  325,
 3799, 1027,  321,
 3922, 1013,  317,
 3991,  997,  312,
 4021,  980,  306,
 4023,  961,  300,
 3964,  942,  294,
 3907,  870,  272,
    0, 2319,  870,
    0, 2319,  870,
    0, 2319,  870,
  338, 2187,  820,
 1067, 1763,  661,
 1617, 1462,  548,
 2247, 1435,  538,
 2716, 1430,  536,
 3095, 1425,  535,
 3423, 1419,  532,
 3673, 1412,  529,
 3829, 1403,  526,
 3921, 1394,  523,
 3967, 1384,  519,
 3982, 1372,  515,
 3936, 1362,  511,
 3882, 1305,  489,
    0, 2722, 1191,
    0, 2722, 1191,
    0, 2722, 1191,
  324, 2617, 1145,
 1053, 2302, 1007,
 1432, 1981,  867,
 1861, 1730,  757,
 2422, 1714,  750,
 2865, 1711,  748,
 3239, 1706,  746,
 3539, 1701,  744,
 3734, 1696,  742,
 3852, 1689,  739,
 3917, 1682,  736,
 3945, 1674,  732,
 3911, 1668,  730,
 3860, 1620,  709,
    0, 3048, 1524,
    0, 3048, 1524,
    0, 3048, 1524,
  306, 2961, 1480,
 1036, 2709, 1354,
 1421, 2471, 1235,
 1711, 2193, 1097,
 2084, 1975,  988,
 2609, 1968,  984,
 3036, 1965,  982,
 3391, 1961,  981,
 3631, 1957,  978,
 3779, 1952,  976,
 3866, 1947,  973,
 3909, 1941,  970,
 3889, 1938,  969,
 3839, 1897,  948,
    0, 3337, 1877,
    0, 3337, 1877,
    0, 3337, 1877,
  284, 3260, 1834,
 1015, 3050, 1715,
 1409, 2862, 1610,
 1703, 2652, 1492,
 1966, 2412, 1357,
 2319, 2228, 1253,
 2812, 2222, 1250,
 3223, 2219, 1248,
 3518, 2216, 1246,
 3702, 2212, 1244,
 3812, 2207, 1242,
 3873, 2203, 1239,
 3867, 2203, 1239,
 3819, 2166, 1218,
    0, 3596, 2248,
    0, 3596, 2248,
    0, 3596, 2248,
  256, 3531, 2207,
  990, 3351, 2095,
 1394, 3199, 2000,
 1692, 3034, 1896,
 1958, 2850, 1781,
 2219, 2643, 1652,
 2574, 2498, 1561,
 3035, 2488, 1555,
 3392, 2485, 1553,
 3618, 2482, 1551,
 3756, 2479, 1549,
 3835, 2475, 1547,
 3845, 2478, 1548,
 3800, 2443, 1527,
    0, 3781, 2599,
    0, 3781, 2599,
    0, 3781, 2599,
  223, 3729, 2564,
  961, 3594, 2471,
 1376, 3482, 2394,
 1680, 3359, 2309,
 1949, 3221, 2215,
 2212, 3066, 2108,
 2485, 2893, 1989,
 2843, 2781, 1912,
 3255, 2771, 1905,
 3528, 2769, 1903,
 3696, 2766, 1901,
 3795, 2762, 1899,
 3822, 2766, 1902,
 3780, 2733, 1879,
    0, 3894, 2920,
    0, 3894, 2920,
    0, 3894, 2920,
  184, 3853, 2890,
  927, 3750, 2813,
 1357, 3669, 2752,
 1666, 3584, 2688,
 1938, 3492, 2619,
 2204, 3388, 2541,
 2479, 3274, 2455,
 2768, 3150, 2362,
 3116, 3072, 2304,
 3433, 3065, 2299,
 3633, 3062, 2297,
 3753, 3060, 2295,
 3798, 3063, 2297,
 3760, 3030, 2272,
    0, 3958, 3216,
    0, 3958, 3216,
    0, 3958, 3216,
  141, 3924, 3189,
  888, 3844, 3124,
 1334, 3785, 3075,
 1651, 3726, 3027,
 1927, 3663, 2976,
 2195, 3595, 2921,
 2471, 3522, 2861,
 2762, 3443, 2798,
 3062, 3362, 2732,
 3342, 3314, 2693,
 3568, 3309, 2689,
 3709, 3307, 2687,
 3772, 3309, 2689,
 3738, 3277, 2662,
    0, 3984, 3486,
    0, 3984, 3486,
    0, 3984, 3486,
   95, 3957, 3463,
  843, 3895, 3408,
 1309, 3851, 3370,
 1633, 3809, 3333,
 1913, 3767, 3296,
 2184, 3722, 3257,
 2463, 3675, 3216,
 2755, 3626, 3172,
 3057, 3574, 3128,
 3307, 3523, 3083,
 3507, 3491, 3055,
 3662, 3487, 3051,
 3741, 3487, 3051,
 3714, 3454, 3022,
    0, 3986, 3737,
    0, 3986, 3737,
    0, 3986, 3737,
   44, 3964, 3716,
  792, 3914, 3669,
 1280, 3882, 3639,
 1614, 3853, 3612,
 1899, 3824, 3585,
 2173, 3796, 3559,
 2453, 3767, 3531,
 2747, 3736, 3502,
 3050, 3704, 3473,
 3302, 3671, 3441,
 3485, 3636, 3409,
 3615, 3608, 3382,
 3704, 3603, 3378,
 3687, 3570, 3347,
    0, 3972, 3972,
    0, 3972, 3972,
    0, 3972, 3972,
    0, 3954, 3954,
  727, 3913, 3913,
 1244, 3889, 3889,
 1588, 3868, 3868,
 1879, 3849, 3849,
 2156, 3831, 3831,
 2438, 3813, 3813,
 2732, 3794, 3794,
 3036, 3775, 3775,
 3291, 3753, 3753,
 3475, 3729, 3729,
 3597, 3698, 3698,
 3656, 3658, 3658,
 3657, 3632, 3632,
    0, 3957, 4204,
    0, 3957, 4204,
    0, 3957, 4204,
    0, 3941, 4187,
  582, 3902, 4146,
 1148, 3876, 4119,
 1502, 3854, 4095,
 1794, 3834, 4074,
 2065, 3815, 4053,
 2338, 3796, 4033,
 2619, 3777, 4013,
 2914, 3757, 3992,
 3175, 3737, 3970,
 3371, 3714, 3946,
 3509, 3689, 3920,
 3593, 3662, 3890,
 3655, 3659, 3888,
  650,    0,    0,
  325,    0,    0,
  217,    0,    0,
  852,    0,    0,
 2082,    0,    0,
 2626,    0,    0,
 3013,    0,    0,
 3326,    0,    0,
 3601,    0,    0,
 3834,    0,    0,
 3978,    0,    0,
 4060,    0,    0,
 4098,    0,    0,
 4105,    0,    0,
 4090,    0,    0,
 4057,    0,    0,
 3962,    0,    0,
  650,    0,    0,
  325,    0,    0,
  217,    0,    0,
  852,    0,    0,
 2082,    0,    0,
 2626,    0,    0,
 3013,    0,    0,
 3326,    0,    0,
 3601,    0,    0,
 3834,    0,    0,
 3978,    0,    0,
 4060,    0,    0,
 4098,    0,    0,
 4105,    0,    0,
 4090,    0,    0,
 4057,    0,    0,
 3962,    0,    0,
  650,    0,    0,
  325,    0,    0,
  217,    0,    0,
  852,    0,    0,
 2082,    0,    0,
 2626,    0,    0,
 3013,    0,    0,
 3326,    0,    0,
 3601,    0,    0,
 3834,    0,    0,
 3978,    0,    0,
 4060,    0,    0,
 4098,    0,    0,
 4105,    0,    0,
 4090,    0,    0,
 4057,    0,    0,
 3962,    0,    0,
  306,  555,  131,
  153,  555,  131,
  102,  555,  131,
  641,  434,  102,
 1879,  322,   76,
 2474,  317,   75,
 2885,  311,   73,
 3217,  303,   71,
 3504,  293,   69,
 3753,  282,   66,
 3916,  269,   63,
 4010,  254,   60,
 4058,  236,   56,
 4072,  216,   51,
 4063,  194,   46,
 4035,  169,   40,
 3946,  149,   35,
    0, 1691,  497,
    0, 1691,  497,
    0, 1691,  497,
  320, 1499,  441,
 1254, 1059,  311,
 2021, 1018,  299,
 2532, 1012,  298,
 2921, 1004,  295,
 3250,  995,  293,
 3541,  984,  290,
 3753,  972,  286,
 3882,  958,  282,
 3956,  942,  277,
 3990,  924,  272,
 3996,  905,  266,
 3980,  883,  260,
 3907,  864,  254,
    0, 2251,  795,
    0, 2251,  795,
    0, 2251,  795,
  309, 2117,  747,
 1014, 1693,  597,
 1570, 1403,  495,
 2196, 1378,  486,
 2660, 1374,  485,
 3036, 1369,  483,
 3362, 1362,  481,
 3620, 1355,  478,
 3782, 1347,  475,
 3879, 1337,  472,
 3931, 1327,  468,
 3949, 1315,  464,
 3944, 1302,  460,
 3882, 1293,  456,
    0, 2654, 1093,
    0, 2654, 1093,
    0, 2654, 1093,
  294, 2546, 1048,
 1000, 2232,  919,
 1375, 1910,  787,
 1809, 1667,  686,
 2366, 1653,  681,
 2805, 1649,  679,
 3173, 1645,  677,
 3478, 1639,  675,
 3679, 1634,  673,
 3803, 1627,  670,
 3873, 1620,  667,
 3906, 1612,  664,
 3911, 1603,  660,
 3860, 1599,  659,
    0, 2980, 1402,
    0, 2980, 1402,
    0, 2980, 1402,
  276, 2891, 1361,
  982, 2637, 1241,
 1365, 2397, 1128,
 1650, 2117,  996,
 2026, 1905,  896,
 2542, 1898,  893,
 2965, 1895,  892,
 3320, 1892,  890,
 3567, 1887,  888,
 3722, 1883,  886,
 3814, 1877,  883,
 3862, 1871,  881,
 3879, 1865,  877,
 3839, 1864,  877,
    0, 3267, 1729,
    0, 3267, 1729,
    0, 3267, 1729,
  253, 3189, 1688,
  961, 2977, 1576,
 1353, 2786, 1475,
 1641, 2572, 1362,
 1896, 2326, 1231,
 2249, 2147, 1137,
 2734, 2141, 1134,
 3141, 2139, 1132,
 3443, 2135, 1130,
 3635, 2131, 1128,
 3752, 2127, 1126,
 3817, 2123, 1124,
 3847, 2117, 1121,
 3820, 2119, 1122,
    0, 3528, 2075,
    0, 3528, 2075,
    0, 3528, 2075,
  225, 3461, 2036,
  936, 3279, 1929,
 1338, 3121, 1836,
 1631, 2952, 1736,
 1888, 2761, 1624,
 2139, 2547, 1498,
 2489, 2402, 1413,
 2942, 2394, 1408,
 3306, 2391, 1407,
 3540, 2388, 1405,
 3686, 2385, 1403,
 3771, 2381, 1401,
 3814, 2377, 1398,
 3800, 2381, 1400,
    0, 3721, 2408,
    0, 3721, 2408,
    0, 3721, 2408,
  191, 3670, 2375,
  907, 3530, 2284,
 1320, 3410, 2206,
 1619, 3278, 2121,
 1880, 3130, 2025,
 2132, 2963, 1918,
 2392, 2782, 1800,
 2742, 2670, 1728,
 3156, 2661, 1722,
 3440, 2659, 1720,
 3616, 2656, 1719,
 3723, 2653, 1716,
 3781, 2649, 1714,
 3781, 2654, 1718,
    0, 3842, 2712,
    0, 3842, 2712,
    0, 3842, 2712,
  153, 3802, 2684,
  872, 3695, 2608,
 1301, 3607, 2546,
 1605, 3514, 2480,
 1869, 3411, 2408,
 2124, 3295, 2326,
 2385, 3168, 2236,
 2659, 3030, 2139,
 3005, 2950, 2082,
 3335, 2943, 2078,
 3545, 2941, 2076,
 3673, 2939, 2074,
 3747, 2936, 2072,
 3761, 2941, 2076,
    0, 3911, 2991,
    0, 3911, 2991,
    0, 3911, 2991,
  112, 3879, 2967,
  832, 3796, 2903,
 1278, 3730, 2853,
 1590, 3663, 2801,
 1858, 3591, 2746,
 2115, 3513, 2686,
 2378, 3428, 2621,
 2653, 3338, 2553,
 2941, 3246, 2482,
 3233, 3197, 2444,
 3473, 3193, 2442,
 3623, 3191, 2440,
 3712, 3189, 2439,
 3740, 3193, 2442,
    0, 3943, 3247,
    0, 3943, 3247,
    0, 3943, 3247,
   66, 3918, 3227,
  787, 3852, 3173,
 1252, 3803, 3132,
 1572, 3754, 3092,
 1845, 3703, 3050,
 2105, 3649, 3005,
 2369, 3592, 2958,
 2646, 3533, 2909,
 2935, 3472, 2859,
 3191, 3412, 2810,
 3406, 3383, 2786,
 3574, 3381, 2784,
 3675, 3379, 2783,
 3717, 3382, 2785,
    0, 3950, 3485,
    0, 3950, 3485,
    0, 3950, 3485,
   18, 3929, 3467,
  733, 3877, 3421,
 1223, 3839, 3388,
 1553, 3803, 3356,
 1830, 3767, 3324,
 2093, 3730, 3291,
 2360, 3692, 3257,
 2638, 3652, 3223,
 2929, 3612, 3187,
 3186, 3573, 3152,
 3379, 3535, 3119,
 3529, 3516, 3102,
 3638, 3514, 3100,
 3691, 3515, 3101,
    0, 3935, 3704,
    0, 3935, 3704,
    0, 3935, 3704,
    0, 3919, 3688,
  671, 3877, 3649,
 1191, 3849, 3622,
 1531, 3823, 3598,
 1814, 3797, 3573,
 2081, 3772, 3550,
 2350, 3746, 3526,
 2630, 3721, 3502,
 2922, 3695, 3477,
 3181, 3669, 3453,
 3375, 3643, 3428,
 3512, 3616, 3404,
 3601, 3596, 3384,
 3661, 3595, 3383,
    0, 3906, 3906,
    0, 3906, 3906,
    0, 3906, 3906,
    0, 3893, 3893,
  600, 3859, 3859,
 1156, 3837, 3837,
 1507, 3819, 3819,
 1797, 3801, 3801,
 2067, 3785, 3785,
 2339, 3769, 3769,
 2620, 3753, 3753,
 2914, 3737, 3737,
 3175, 3720, 3720,
 3371, 3702, 3702,
 3509, 3681, 3681,
 3592, 3655, 3655,
 3622, 3622, 3622,
