    0,    0,    0,
 2696,   65,   65,
 2685,   70,   70,
 2825,   76,   76,
 3055,   81,   81,
 3326,   88,   88,
 3606,   94,   94,
 3873, 1713,  101,
 4086, 1834,  108,
 4192, 1964,  116,
 4219, 2095,  123,
 4195, 2233,  131,
 4145, 2377,  140,
 4083, 2523,  148,
 4020, 2678,  158,
 3965, 2835,  167,
 3931,  176,  176,
  191, 1658,  195,
 2757, 1706,  201,
 2734, 1758,  207,
 2869, 1813,  213,
 3096, 1871,  220,
 3365, 1933,  227,
 3641, 1998,  235,
 3903, 2066,  243,
 4109, 2137,  251,
 4209, 2211,  260,
 4230, 2288,  269,
 4203, 2368,  279,
 4151, 2451,  288,
 4087, 2536, 5071,
 4023, 2624, 5248,
 3967, 2714, 5429,
 3931, 2808, 5615,
  198, 1994,  352,
 2826, 2034,  359,
 2788, 2077,  367,
 2919, 2123,  375,
 3142, 2170,  383,
 3407, 2221,  392,
 3679, 2273,  401,
 3935, 2327,  411,
 4134, 2384,  421,
 4226, 2444,  431,
 4242, 2505,  442,
 4212, 2569,  453,
 4157, 2634,  465,
 4091, 2702, 8105,
 4025, 2772, 8316,
 3968, 2843, 8529,
 3931, 2917, 8750,
  206, 2306,  543,
 2903, 2345,  552,
 2849, 2385,  561,
 2973, 2428,  571,
 3192, 2473,  582,
 3452, 2520,  593,
 3719, 2568,  604,
 3970, 2618,  616,
 4159, 2670,  628,
 4245, 2725,10901,
 4255, 2781,11124,
 4221, 2839,11355,
 4163, 2899,11594,
 4095, 2959,11837,
 4028, 3021,12086,
 3969, 3086,12345,
 3931, 3152,12607,
  215, 2656,  781,
 2987, 2695,  793,
 2915, 2736,  805,
 3032, 2779,  817,
 3246, 2823,  830,
 3501, 2869,  844,
 3762, 2916,  858,
 4006, 2964,  872,
 4186, 3015,  887,
 4264, 3067,15334,
 4268, 3120,15599,
 4230, 3174,15871,
 4169, 3230,16149,
 4099, 3286,16432,
 4030, 3344,16720,
 3970, 3403,17015,
 3931, 3462,17312,
 3810, 3045, 1075,
 3079, 3084, 1088,
 2987, 3124, 1102,
 3095, 3165, 1117,
 3303, 3207, 1132,
 3551, 3251,19504,
 3806, 3296,19775,
 4043, 3342,20051,
 4214, 3389,20333,
 4283, 3437,20623,
 4282, 3486,20914,
 4239, 3535,21212,
 4175, 3586,21516,
 4104, 3637,21822,
 4033, 3689,22133,
 3971, 3742,22449,
 3931, 3794,22765,
 3983, 3440, 1417,
 3178, 3477, 1432,
 3063, 3514, 1447,
 3162, 3552, 1463,
 3363, 3591, 1479,
 3605, 3631,25416,
 3853, 3672,25705,
 4083, 3714,25995,
 4242, 3756,26291,
 4303, 3799,26592,
 4295, 3842,26896,
 4249, 3886,27203,
 4182, 3931,27514,
 4108, 3975,27825,
 4035, 4020,28137,
 3973, 4065,28454,
 3931, 4110,28771,
 4172, 3813, 1794,
 3283, 3845,30762,
 3144, 3878,31027,
 3233, 3912,31297,
 3426, 3947,31573,
 3660, 3982,31853,
 3901, 4017,32137,
 4122, 4053,32425,
 4271, 4089,32713,
 4323, 4126,33006,
 4309, 4163,33302,
 4258, 4199,33595,
 4189, 4236,33889,
 4112, 4273,34185,
 4038, 4310,34480,
 3974, 4346,34772,
 3931, 4383,35065,
 4365, 4126, 2184,
 3393, 4152,37365,
 3230, 4178,37600,
 3307, 4204,37837,
 3492, 4231,38076,
 3718, 4257,38316,
 3950, 4284,38560,
 4162, 4311,38798,
 4300, 4338,39041,
 4343, 4364,39280,
 4323, 4391,39521,
 4268, 4418,39759,
 4195, 4444,39998,
 4117, 4470,40232,
 4041, 4496,40465,
 3975, 4521,40692,
 3931, 4547,40922,
 4569, 4304,43038,
 3510, 4322,43220,
 3319, 4340,43404,
 3384, 4359,43589,
 3559, 4377,43775,
 3776, 4396,43961,
 3999, 4415,44146,
 4203, 4433,44331,
 4328, 4452,44517,
 4363, 4470,44700,
 4337, 4488,44884,
 4277, 4506,45063,
 4201, 4524,45242,
 4121, 4542,45421,
 4043, 4559,45595,
 3977, 4577,45769,
 3931, 4594,45940,
 4785, 4370,48066,
 3632, 4382,48207,
 3411, 4395,48344,
 3463, 4408,48484,
 3628, 4420,48624,
 3836, 4433,48763,
 4050, 4446,48901,
 4244, 4458,49042,
 4357, 4471,49179,
 4382, 4483,49317,
 4350, 4496,49452,
 4286, 4508,49587,
 4208, 4520,49721,
 4125, 4532,49851,
 4046, 4544,49982,
 3978, 4555,50109,
 3931, 4567,50236,
 5005, 4366,52390,
 3756, 4375,52495,
 3507, 4383,52599,
 3544, 4392,52702,
 3698, 4401,52808,
 3896, 4409,52912,
 4101, 4418,53016,
 4284, 4427,53120,
 4385, 4435,53222,
 4402, 4444,53323,
 4363, 4452,53423,
 4296, 4460,53523,
 4214, 4468,53620,
 4129, 4476,53717,
 4048, 4484,53812,
 3979, 4492,53906,
 3931, 4500,53995,
 5235, 4324,56208,
 3885, 4330,56287,
 3606, 4336,56362,
 3627, 4341,56439,
 3770, 4347,56516,
 3956, 4353,56592,
 4151, 4359,56668,
 4324, 4365,56744,
 4413, 4371,56817,
 4421, 4376,56893,
 4377, 4382,56965,
 4304, 4387,57036,
 4220, 4393,57107,
 4133, 4398,57177,
 4051, 4403,57244,
 3980, 4408,57310,
 3931, 4413,57374,
 5470, 4263,59683,
 4016, 4267,59738,
 3705, 4271,59793,
 3711, 4275,59847,
 3841, 4279,59901,
 4017, 4282,59953,
 4201, 4286,60007,
 4363, 4290,60060,
 4440, 4294,60113,
 4439, 4297,60165,
 4389, 4301,60215,
 4313, 4305,60264,
 4226, 4308,60313,
 4137, 4311,60361,
 4053, 4315,60407,
 3981, 4318,60453,
 3931, 4321,60498,
 5708, 4197,62958,
 4149, 4200,62995,
 3807, 4202,63029,
 3795, 4204,63065,
 3912, 4207,63100,
 4077, 4209,63133,
 4251, 4211,63169,
 4401, 4213,63202,
 4467, 4216,63235,
 4458, 4218,63270,
 4402, 4220,63301,
 4321, 4222,63333,
 4231, 4224,63365,
 4140, 4226,63393,
 4055, 4228,63424,
 3982, 4230,63451,
 3931, 4232,63478,
 5949, 4137,  654,
 4284, 4138,  672,
 3909, 4139,  692,
 3879, 4140,  709,
 3982, 4141,  727,
 4135, 4142,  744,
 4299, 4144,  762,
 4437, 4145,  782,
 4492, 4146,  797,
 4475, 4147,  814,
 4413, 4148,  826,
 4329, 4149,  843,
 4237, 4150,  859,
 4144, 4151,  874,
 4057, 4152,  888,
 3983, 4152,  903,
 3931, 4153,  914,
  364, 4095, 4095,
 4420, 4095, 4079,
 4010, 4095, 4079,
 3963, 4095, 4079,
 4052, 4095, 4079,
 4193, 4095, 4079,
 4346, 4095, 4079,
 4473, 4095, 4079,
 4516, 4095, 4079,
 4491, 4095, 4079,
 4424, 4095, 4095,
 4337, 4095, 4095,
 4242, 4095, 4095,
 4147, 4095, 4095,
 4059, 4095, 4095,
 3984, 4095, 4095,
 3931, 4095, 4095,
  186,   62,  529,
 2707,   67,  569,
 2694,   72,  613,
 2833,   78,  660,
 3062,   84,  710,
 3333,   90,  763,
 3612,   96,  820,
 3878, 1757,  878,
 4090, 1881,  941,
 4195, 2010, 1005,
 4221, 2144, 1072,
 4196, 2286, 1143,
 4146, 2431, 1215,
 4084, 2580, 1290,
 4021, 2735, 1367,
 3966, 2894, 1447,
 3931,  180, 1529,
  192, 1675, 1675,
 2769, 1725, 1725,
 2744, 1778, 1778,
 2878, 1834, 1834,
 3105, 1893, 1893,
 3372, 1956, 1956,
 3648, 2023, 2023,
 3909, 2091, 2091,
 4113, 2164, 2164,
 4212, 2238, 2238,
 4232, 2317, 2317,
 4205, 2398, 2398,
 4152, 2482, 2482,
 4088, 2568, 2568,
 4023, 2657, 2657,
 3967, 2748, 2748,
 3931, 2843, 2843,
  200, 2008, 3013,
 2839, 2050, 3075,
 2799, 2094, 3141,
 2928, 2140, 3210,
 3151, 2188, 3283,
 3415, 2239, 3359,
 3686, 2292, 3438,
 3942, 2348, 3522,
 4138, 2406, 3609,
 4230, 2466, 3700,
 4245, 2528, 3792,
 4213, 2592, 3889,
 4158, 2659, 3988,
 4092, 2727, 4090,
 4026, 2798, 4197,
 3968, 2870, 4304,
 3931, 2944, 4416,
  208, 2320, 4641,
 2918, 2359, 4719,
 2861, 2401, 4802,
 2984, 2444, 4888,
 3202, 2490, 4979,
 3461, 2537, 5075,
 3727, 2586, 5173,
 3977, 2637, 5274,
 4164, 2691, 5381,
 4248, 2745, 5491,
 4258, 2802, 5604,
 4222, 2860, 5721,
 4164, 2921, 5841,
 4096, 2982, 5964,
 4028, 3046, 6091,
 3969, 3110, 6220,
 3931, 3176, 6352,
  216, 2671, 6676,
 3004, 2710, 6775,
 2928, 2751, 6879,
 3043, 2794, 6986,
 3256, 2839, 7098,
 3510, 2886, 7214,
 3770, 2933, 7334,
 4013, 2983, 7457,
 4191, 3034, 7584,
 4267, 3086, 7715,
 4271, 3139, 7848,
 4232, 3194, 7986,
 4170, 3250, 8126,
 4100, 3307, 8268,
 4031, 3365, 8413,
 3971, 3425, 8562,
 3931, 3484, 8711,
 3843, 3059, 9178,
 3097, 3098, 9295,
 3001, 3139, 9416,
 3107, 3180, 9541,
 3314, 3223, 9670,
 3561, 3267, 9802,
 3815, 3313, 9938,
 4051, 3359,10077,
 4219, 3406,10219,
 4287, 3455,10364,
 4284, 3504,10511,
 4241, 3554,10661,
 4177, 3605,10814,
 4104, 3656,10969,
 4033, 3708,11124,
 3972, 3761,11282,
 3931, 3813,11440,
 4018, 3454,12088,
 3197, 3490,12215,
 3078, 3528,12347,
 3175, 3566,12482,
 3375, 3606,12620,
 3615, 3646,12761,
 3861, 3687,12905,
 4090, 3729,13052,
 4248, 3771,13200,
 4306, 3815,13352,
 4298, 3858,13504,
 4250, 3902,13657,
 4183, 3947,13813,
 4109, 3991,13970,
 4036, 4037,14128,
 3973, 4082,14286,
 3931, 4127,14443,
 4205, 3824,15298,
 3304, 3857,15429,
 3160, 3891,15563,
 3246, 3925,15699,
 3438, 3959,15837,
 3671, 3994,15978,
 3910, 4031,16122,
 4129, 4066,16265,
 4276, 4103,16410,
 4326, 4139,16557,
 4312, 4176,16704,
 4260, 4213,16851,
 4190, 4250,16998,
 4113, 4287,17146,
 4039, 4323,17294,
 3974, 4360,17439,
 3931, 4397,17586,
 4404, 4135,18609,
 3415, 4161,18725,
 3246, 4188,18844,
 3321, 4214,18962,
 3504, 4240,19082,
 3728, 4267,19202,
 3959, 4294,19322,
 4170, 4321,19445,
 4305, 4348,19564,
 4346, 4374,19685,
 4325, 4401,19804,
 4269, 4428,19924,
 4196, 4454,20043,
 4117, 4480,20159,
 4041, 4506,20275,
 3976, 4531,20389,
 3931, 4556,20503,
 4610, 4311,21553,
 3532, 4329,21644,
 3336, 4347,21736,
 3399, 4366,21829,
 3572, 4384,21921,
 3787, 4403,22014,
 4009, 4422,22108,
 4211, 4440,22199,
 4334, 4458,22292,
 4366, 4477,22384,
 4339, 4495,22475,
 4279, 4513,22565,
 4203, 4531,22655,
 4121, 4549,22743,
 4044, 4566,22830,
 3977, 4583,22915,
 3931, 4600,23000,
 4826, 4374,24058,
 3654, 4387,24128,
 3429, 4400,24198,
 3478, 4412,24268,
 3641, 4425,24338,
 3847, 4438,24407,
 4059, 4450,24477,
 4251, 4463,24547,
 4362, 4475,24615,
 4386, 4488,24684,
 4353, 4500,24751,
 4288, 4512,24818,
 4209, 4524,24885,
 4126, 4536,24950,
 4046, 4548,25015,
 3978, 4560,25077,
 3931, 4571,25139,
 5048, 4369,26214,
 3780, 4378,26266,
 3525, 4386,26318,
 3560, 4395,26371,
 3711, 4404,26423,
 3907, 4413,26475,
 4110, 4421,26527,
 4292, 4430,26578,
 4391, 4438,26629,
 4405, 4447,26680,
 4366, 4455,26730,
 4297, 4463,26780,
 4215, 4471,26828,
 4130, 4479,26876,
 4049, 4487,26924,
 3979, 4495,26969,
 3931, 4503,27015,
 5279, 4326,28118,
 3909, 4332,28157,
 3624, 4338,28195,
 3643, 4344,28234,
 3783, 4350,28272,
 3968, 4355,28310,
 4160, 4361,28348,
 4331, 4367,28385,
 4418, 4373,28422,
 4424, 4378,28459,
 4379, 4384,28495,
 4306, 4389,28531,
 4221, 4395,28566,
 4134, 4400,28601,
 4051, 4405,28634,
 3980, 4410,28667,
 3931, 4415,28699,
 5513, 4265,29852,
 4041, 4268,29879,
 3724, 4272,29906,
 3727, 4276,29934,
 3854, 4280,29960,
 4028, 4284,29987,
 4211, 4288,30014,
 4370, 4291,30040,
 4445, 4295,30065,
 4443, 4299,30091,
 4392, 4302,30116,
 4315, 4306,30141,
 4227, 4309,30165,
 4137, 4313,30189,
 4054, 4316,30212,
 3981, 4319,30235,
 3931, 4322,30257,
 5753, 4198,31486,
 4175, 4200,31504,
 3826, 4203,31521,
 3811, 4205,31539,
 3925, 4208,31557,
 4088, 4210,31573,
 4260, 4212,31591,
 4408, 4214,31607,
 4471, 4216,31624,
 4460, 4219,31641,
 4404, 4221,31657,
 4323, 4223,31673,
 4232, 4225,31687,
 4141, 4227,31702,
 4056, 4229,31717,
 3982, 4231,31731,
 3931, 4233,31744,
 5993, 4137,33098,
 4309, 4138,33108,
 3928, 4140,33117,
 3895, 4141,33126,
 3995, 4142,33134,
 4146, 4143,33143,
 4308, 4144,33153,
 4444, 4145,33161,
 4496, 4146,33170,
 4478, 4147,33177,
 4415, 4148,33185,
 4331, 4149,33193,
 4238, 4150,33201,
 4144, 4151,33208,
 4058, 4152,33215,
 3983, 4153,33222,
 3931, 4153,33228,
  367, 4095,34808,
 4445, 4095,34808,
 4029, 4095,34808,
 3978, 4095,34808,
 4064, 4095,34808,
 4203, 4095,34808,
 4354, 4095,34808,
 4479, 4095,34808,
 4520, 4095,34808,
 4494, 4095,34808,
 4426, 4095,34808,
 4338, 4095,34808,
 4243, 4095,34808,
 4148, 4095,34808,
 4059, 4095,34808,
 3984, 4095,34808,
 3931, 4095,34808,
  187,   64,  362,
 2718,   69,  390,
 2702,   74,  420,
 2841,   80,  452,
 3070,   86,  487,
 3340,   92,  523,
 3619,   99,  561,
 3884, 1802,  601,
 4094, 1928,  643,
 4198, 2060,  687,
 4223, 2195,  732,
 4198, 2338,  779,
 4147, 2485,  828,
 4085, 2637,  879,
 4021, 2793,  931,
 3966, 2953,  984,
 3931,  183, 1040,
  194, 1693, 1128,
 2781, 1744, 1162,
 2753, 1798, 1199,
 2887, 1855, 1237,
 3113, 1916, 1277,
 3380, 1980, 1320,
 3655, 2047, 1365,
 3915, 2118, 1412,
 4118, 2191, 1461,
 4215, 2267, 1511,
 4235, 2346, 1564,
 4206, 2428, 1619,
 4153, 2513, 1675,
 4089, 2600, 1733,
 4024, 2691, 1794,
 3967, 2783, 1855,
 3931, 2878, 1919,
  201, 2023, 2023,
 2853, 2065, 2065,
 2811, 2110, 2110,
 2938, 2157, 2157,
 3160, 2207, 2207,
 3423, 2258, 2258,
 3694, 2313, 2313,
 3948, 2369, 2369,
 4143, 2428, 2428,
 4233, 2489, 2489,
 4247, 2552, 2552,
 4215, 2617, 2617,
 4159, 2684, 2684,
 4093, 2753, 2753,
 4026, 2824, 2824,
 3968, 2897, 2897,
 3931, 2971, 2971,
  209, 2335, 3113,
 2933, 2374, 3166,
 2873, 2417, 3222,
 2995, 2461, 3281,
 3212, 2507, 3342,
 3470, 2555, 3407,
 3735, 2605, 3473,
 3983, 2656, 3542,
 4169, 2711, 3614,
 4252, 2766, 3688,
 4260, 2823, 3764,
 4224, 2882, 3843,
 4165, 2943, 3924,
 4097, 3005, 4007,
 4029, 3069, 4092,
 3970, 3134, 4179,
 3931, 3200, 4267,
  218, 2684, 4474,
 3021, 2725, 4542,
 2941, 2767, 4611,
 3055, 2811, 4685,
 3267, 2856, 4760,
 3519, 2903, 4838,
 3778, 2951, 4919,
 4020, 3001, 5002,
 4197, 3053, 5088,
 4271, 3105, 5176,
 4273, 3159, 5266,
 4233, 3215, 5358,
 4172, 3271, 5452,
 4101, 3329, 5548,
 4031, 3387, 5645,
 3971, 3446, 5744,
 3931, 3506, 5844,
 3873, 3074, 6147,
 3115, 3113, 6226,
 3015, 3154, 6307,
 3120, 3196, 6392,
 3325, 3239, 6478,
 3571, 3284, 6568,
 3823, 3329, 6659,
 4058, 3376, 6752,
 4224, 3424, 6847,
 4291, 3473, 6945,
 4287, 3522, 7044,
 4243, 3573, 7145,
 4178, 3623, 7247,
 4105, 3675, 7350,
 4034, 3727, 7454,
 3972, 3780, 7560,
 3931, 3833, 7665,
 4052, 3467, 8089,
 3216, 3504, 8176,
 3093, 3542, 8264,
 3188, 3581, 8355,
 3387, 3620, 8448,
 3625, 3661, 8543,
 3870, 3703, 8639,
 4097, 3745, 8737,
 4253, 3787, 8837,
 4310, 3831, 8938,
 4300, 3874, 9040,
 4252, 3919, 9143,
 4184, 3963, 9247,
 4110, 4008, 9352,
 4037, 4053, 9456,
 3973, 4098, 9563,
 3931, 4143, 9667,
 4241, 3836,10230,
 3324, 3869,10319,
 3175, 3903,10408,
 3260, 3937,10500,
 3451, 3972,10593,
 3682, 4008,10687,
 3919, 4044,10783,
 4137, 4080,10879,
 4281, 4116,10976,
 4330, 4153,11074,
 4314, 4189,11172,
 4262, 4226,11270,
 4191, 4263,11369,
 4114, 4300,11467,
 4039, 4337,11565,
 3975, 4374,11663,
 3931, 4410,11759,
 4441, 4145,12435,
 3436, 4171,12512,
 3263, 4197,12591,
 3335, 4224,12671,
 3517, 4250,12751,
 3739, 4277,12831,
 3968, 4304,12912,
 4178, 4330,12991,
 4310, 4358,13073,
 4350, 4384,13152,
 4328, 4411,13232,
 4271, 4437,13311,
 4197, 4463,13390,
 4118, 4489,13468,
 4042, 4515,13545,
 3976, 4540,13621,
 3931, 4565,13696,
 4650, 4317,14391,
 3554, 4335,14452,
 3353, 4354,14513,
 3413, 4372,14575,
 3585, 4391,14637,
 3798, 4410,14699,
 4018, 4428,14761,
 4218, 4447,14822,
 4339, 4465,14884,
 4370, 4483,14945,
 4342, 4501,15005,
 4281, 4520,15065,
 4204, 4537,15124,
 4122, 4555,15183,
 4044, 4572,15241,
 3977, 4589,15298,
 3931, 4606,15354,
 4867, 4379,16056,
 3677, 4392,16103,
 3447, 4404,16149,
 3493, 4417,16196,
 3654, 4430,16242,
 3858, 4442,16288,
 4069, 4455,16335,
 4259, 4468,16381,
 4368, 4480,16427,
 4390, 4492,16472,
 4355, 4505,16517,
 4290, 4517,16562,
 4210, 4529,16606,
 4126, 4541,16650,
 4047, 4552,16692,
 3978, 4564,16734,
 3931, 4575,16775,
 5091, 4372,17489,
 3804, 4381,17524,
 3543, 4390,17558,
 3575, 4398,17593,
 3725, 4407,17628,
 3918, 4416,17663,
 4120, 4424,17697,
 4299, 4433,17731,
 4396, 4441,17765,
 4409, 4450,17799,
 4368, 4458,17832,
 4299, 4466,17865,
 4216, 4474,17898,
 4130, 4482,17929,
 4049, 4490,17961,
 3980, 4498,17991,
 3931, 4505,18021,
 5322, 4328,18755,
 3933, 4334,18781,
 3642, 4340,18806,
 3659, 4346,18832,
 3796, 4352,18857,
 3979, 4358,18883,
 4170, 4363,18908,
 4339, 4369,18933,
 4423, 4375,18957,
 4428, 4380,18982,
 4381, 4386,19006,
 4308, 4391,19029,
 4222, 4397,19053,
 4134, 4402,19075,
 4052, 4407,19098,
 3981, 4412,19120,
 3931, 4417,19141,
 5557, 4266,19908,
 4066, 4270,19926,
 3743, 4274,19944,
 3742, 4278,19962,
 3867, 4281,19980,
 4039, 4285,19998,
 4220, 4289,20015,
 4377, 4293,20033,
 4450, 4296,20050,
 4446, 4300,20067,
 4394, 4304,20083,
 4316, 4307,20100,
 4228, 4311,20116,
 4138, 4314,20132,
 4054, 4317,20147,
 3982, 4320,20162,
 3931, 4323,20176,
 5797, 4199,20995,
 4200, 4201,21006,
 3845, 4204,21019,
 3827, 4206,21030,
 3938, 4208,21042,
 4099, 4211,21053,
 4269, 4213,21065,
 4414, 4215,21076,
 4476, 4217,21087,
 4464, 4220,21098,
 4406, 4222,21108,
 4324, 4224,21119,
 4233, 4226,21129,
 4142, 4228,21139,
 4056, 4230,21148,
 3983, 4231,21157,
 3931, 4233,21166,
 6039, 4138,22068,
 4335, 4139,22074,
 3947, 4140,22080,
 3911, 4141,22086,
 4008, 4142,22091,
 4157, 4143,22098,
 4317, 4144,22104,
 4451, 4145,22109,
 4501, 4146,22114,
 4481, 4147,22120,
 4417, 4148,22125,
 4332, 4149,22130,
 4239, 4150,22136,
 4145, 4151,22140,
 4058, 4152,22145,
 3984, 4153,22149,
 3931, 4154,22154,
  370, 4095,23205,
 4470, 4095,23205,
 4048, 4095,23205,
 3994, 4095,23205,
 4077, 4095,23205,
 4214, 4095,23205,
 4363, 4095,23205,
 4485, 4095,23205,
 4525, 4095,23205,
 4497, 4095,23205,
 4428, 4095,23205,
 4340, 4095,23205,
 4244, 4095,23205,
 4148, 4095,23205,
 4060, 4095,23205,
 3984, 4095,23205,
 3931, 4095,23205,
  189,   66,  279,
 2729,   71,  301,
 2711,   76,  324,
 2850,   82,  348,
 3077,   88,  374,
 3347, 1609,  402,
 3625, 1725,  431,
 3889, 1848,  462,
 4098, 1975,  494,
 4202, 2109,  527,
 4225, 2248,  562,
 4200, 2390,  598,
 4148, 2539,  635,
 4085, 2693,  673,
 4022, 2852,  713,
 3966, 3015,  754,
 3931,  187,  795,
  195, 1711,  856,
 2794, 1763,  882,
 2763, 1819,  910,
 2896, 1877,  939,
 3122, 1939,  970,
 3388, 2004, 1002,
 3662, 2073, 1037,
 3921, 2144, 1072,
 4122, 2218, 1109,
 4219, 2296, 1148,
 4237, 2376, 1188,
 4208, 2459, 1230,
 4154, 2545, 1272,
 4089, 2633, 1317,
 4024, 2724, 1362,
 3967, 2817, 1409,
 3931, 2914, 1457,
  203, 2039, 1529,
 2868, 2082, 1561,
 2822, 2127, 1595,
 2949, 2175, 1631,
 3170, 2226, 1669,
 3432, 2278, 1708,
 3701, 2333, 1750,
 3955, 2390, 1793,
 4148, 2450, 1837,
 4237, 2511, 1884,
 4249, 2575, 1932,
 4217, 2641, 1981,
 4160, 2709, 2032,
 4093, 2779, 2084,
 4027, 2850, 2138,
 3968, 2924, 2193,
 3931, 2999, 2249,
 3584, 2349, 2349,
 2949, 2389, 2389,
 2885, 2433, 2433,
 3005, 2477, 2477,
 3222, 2524, 2524,
 3479, 2573, 2573,
 3742, 2624, 2624,
 3990, 2676, 2676,
 4174, 2731, 2731,
 4255, 2786, 2786,
 4262, 2844, 2844,
 4226, 2904, 2904,
 4166, 2966, 2966,
 4097, 3028, 3028,
 4029, 3093, 3093,
 3970, 3158, 3158,
 3931, 3225, 3225,
 3739, 2699, 3374,
 3038, 2740, 3425,
 2955, 2783, 3478,
 3067, 2827, 3534,
 3277, 2873, 3591,
 3529, 2920, 3650,
 3786, 2969, 3712,
 4027, 3020, 3775,
 4202, 3072, 3840,
 4275, 3125, 3906,
 4276, 3180, 3975,
 4235, 3235, 4044,
 4173, 3292, 4115,
 4102, 3350, 4187,
 4032, 3409, 4261,
 3971, 3469, 4336,
 3931, 3529, 4411,
 3906, 3088, 4632,
 3134, 3128, 4692,
 3029, 3169, 4753,
 3132, 3212, 4818,
 3336, 3255, 4883,
 3581, 3300, 4951,
 3832, 3346, 5020,
 4065, 3393, 5090,
 4230, 3442, 5163,
 4294, 3491, 5236,
 4289, 3541, 5311,
 4244, 3591, 5387,
 4179, 3642, 5464,
 4106, 3694, 5541,
 4034, 3747, 5620,
 3972, 3799, 5699,
 3931, 3852, 5779,
 4086, 3480, 6091,
 3236, 3518, 6156,
 3108, 3556, 6223,
 3201, 3595, 6292,
 3398, 3635, 6362,
 3636, 3676, 6433,
 3879, 3718, 6506,
 4104, 3760, 6580,
 4258, 3803, 6655,
 4314, 3847, 6732,
 4303, 3890, 6808,
 4254, 3935, 6886,
 4186, 3980, 6964,
 4110, 4024, 7043,
 4037, 4070, 7122,
 3974, 4115, 7201,
 3931, 4160, 7280,
 4277, 3848, 7697,
 3344, 3882, 7763,
 3192, 3916, 7831,
 3274, 3950, 7900,
 3463, 3985, 7970,
 3692, 4021, 8041,
 3928, 4057, 8113,
 4145, 4093, 8185,
 4287, 4129, 8258,
 4334, 4166, 8332,
 4317, 4203, 8405,
 4263, 4240, 8480,
 4192, 4277, 8553,
 4115, 4314, 8627,
 4040, 4350, 8700,
 3975, 4387, 8774,
 3931, 4423, 8846,
 4478, 4154, 9347,
 3458, 4180, 9406,
 3279, 4207, 9465,
 3350, 4233, 9525,
 3529, 4260, 9585,
 3750, 4287, 9645,
 3977, 4314, 9706,
 4185, 4340, 9766,
 4316, 4367, 9826,
 4354, 4394, 9887,
 4331, 4420, 9946,
 4273, 4447,10005,
 4199, 4473,10064,
 4119, 4499,10122,
 4042, 4524,10180,
 3976, 4549,10236,
 3931, 4574,10292,
 4689, 4324,10810,
 3577, 4342,10856,
 3370, 4361,10902,
 3428, 4379,10948,
 3598, 4398,10995,
 3809, 4416,11041,
 4028, 4435,11088,
 4226, 4453,11133,
 4344, 4472,11180,
 4374, 4490,11226,
 4344, 4508,11270,
 4282, 4526,11315,
 4205, 4544,11360,
 4123, 4561,11403,
 4045, 4579,11446,
 3977, 4596,11489,
 3931, 4612,11530,
 4908, 4384,12055,
 3700, 4396,12090,
 3465, 4409,12125,
 3508, 4422,12159,
 3667, 4434,12194,
 3869, 4447,12229,
 4078, 4460,12264,
 4266, 4472,12298,
 4373, 4485,12333,
 4393, 4497,12366,
 4358, 4509,12400,
 4291, 4521,12434,
 4211, 4533,12466,
 4127, 4545,12499,
 4047, 4557,12531,
 3979, 4568,12562,
 3931, 4579,12593,
 5133, 4375,13126,
 3827, 4384,13152,
 3562, 4393,13178,
 3591, 4402,13205,
 3738, 4410,13231,
 3930, 4419,13257,
 4129, 4427,13282,
 4307, 4436,13308,
 4401, 4444,13333,
 4412, 4453,13358,
 4371, 4461,13383,
 4301, 4469,13408,
 4217, 4477,13432,
 4131, 4485,13455,
 4050, 4493,13479,
 3980, 4500,13501,
 3931, 4508,13524,
 5365, 4330,14074,
 3958, 4336,14093,
 3661, 4342,14112,
 3674, 4348,14131,
 3809, 4354,14150,
 3990, 4360,14169,
 4179, 4365,14188,
 4346, 4371,14206,
 4428, 4377,14225,
 4431, 4382,14243,
 4384, 4388,14261,
 4309, 4393,14279,
 4223, 4399,14296,
 4135, 4404,14313,
 4052, 4409,14329,
 3981, 4414,14345,
 3931, 4419,14361,
 5601, 4267,14936,
 4090, 4271,14949,
 3762, 4275,14963,
 3758, 4279,14977,
 3880, 4283,14990,
 4050, 4287,15003,
 4229, 4290,15016,
 4384, 4294,15029,
 4455, 4298,15042,
 4450, 4301,15055,
 4396, 4305,15067,
 4318, 4308,15079,
 4229, 4312,15091,
 4139, 4315,15103,
 4054, 4318,15114,
 3982, 4322,15126,
 3931, 4325,15136,
 5841, 4200,15749,
 4225, 4202,15758,
 3863, 4205,15767,
 3843, 4207,15776,
 3951, 4209,15784,
 4109, 4211,15793,
 4278, 4214,15801,
 4421, 4216,15810,
 4481, 4218,15818,
 4467, 4220,15826,
 4408, 4222,15834,
 4326, 4224,15842,
 4234, 4226,15849,
 4142, 4228,15856,
 4056, 4230,15864,
 3983, 4232,15871,
 3931, 4234,15877,
 6084, 4138,16553,
 4360, 4139,16557,
 3966, 4140,16562,
 3926, 4141,16566,
 4021, 4143,16570,
 4168, 4144,16575,
 4326, 4145,16580,
 4457, 4146,16584,
 4505, 4147,16588,
 4484, 4148,16591,
 4419, 4149,16595,
 4334, 4150,16599,
 4240, 4151,16603,
 4146, 4152,16606,
 4058, 4152,16610,
 3984, 4153,16613,
 3931, 4154,16616,
  372, 4095,17404,
 4495, 4095,17404,
 4067, 4095,17404,
 4009, 4095,17404,
 4090, 4095,17404,
 4224, 4095,17404,
 4371, 4095,17404,
 4491, 4095,17404,
 4529, 4095,17404,
 4499, 4095,17404,
 4430, 4095,17404,
 4341, 4095,17404,
 4244, 4095,17404,
 4149, 4095,17404,
 4060, 4095,17404,
 3985, 4095,17404,
 3931, 4095,17404,
  190,   67,  229,
 2740,   73,  247,
 2721,   78,  266,
 2857,   84,  286,
 3085,   91,  308,
 3354, 1651,  330,
 3632, 1769,  354,
 3895, 1894,  379,
 4103, 2023,  405,
 4205, 2159,  432,
 4227, 2299,  460,
 4201, 2445,  489,
 4149, 2596,  519,
 4086, 2751,  550,
 4022, 2909,  582,
 3966, 3076,  615,
 3931,  191,  648,
  196, 1730,  692,
 2807, 1783,  713,
 2774, 1840,  736,
 2906, 1899,  760,
 3130, 1963,  785,
 3396, 2029,  812,
 3669, 2098,  839,
 3927, 2171,  868,
 4127, 2246,  898,
 4222, 2325,  930,
 4239, 2406,  962,
 4210, 2490,  996,
 4155, 2577, 1031,
 4090, 2666, 1066,
 4024, 2758, 1103,
 3968, 2853, 1141,
 3931, 2950, 1180,
  204, 2054, 1232,
 2882, 2098, 1259,
 2833, 2144, 1287,
 2959, 2193, 1316,
 3179, 2244, 1347,
 3440, 2298, 1379,
 3709, 2354, 1412,
 3961, 2412, 1447,
 4153, 2472, 1483,
 4240, 2535, 1521,
 4252, 2599, 1559,
 4218, 2666, 1599,
 4161, 2734, 1641,
 4094, 2805, 1683,
 4027, 2877, 1726,
 3969, 2952, 1771,
 3931, 3028, 1817,
 3612, 2364, 1891,
 2965, 2405, 1924,
 2898, 2449, 1959,
 3017, 2494, 1995,
 3232, 2542, 2034,
 3488, 2591, 2073,
 3751, 2643, 2114,
 3997, 2696, 2157,
 4179, 2751, 2201,
 4259, 2808, 2246,
 4265, 2866, 2293,
 4228, 2927, 2341,
 4167, 2988, 2391,
 4098, 3052, 2442,
 4030, 3117, 2493,
 3970, 3182, 2546,
 3931, 3250, 2600,
 3770, 2714, 2714,
 3056, 2756, 2756,
 2968, 2799, 2799,
 3078, 2844, 2844,
 3288, 2890, 2890,
 3538, 2938, 2938,
 3795, 2988, 2988,
 4034, 3039, 3039,
 4207, 3091, 3091,
 4278, 3145, 3145,
 4278, 3200, 3200,
 4237, 3256, 3256,
 4174, 3313, 3313,
 4103, 3371, 3371,
 4032, 3431, 3431,
 3971, 3490, 3490,
 3931, 3551, 3551,
 3938, 3102, 3723,
 3152, 3143, 3771,
 3043, 3184, 3821,
 3145, 3227, 3873,
 3348, 3272, 3926,
 3591, 3317, 3981,
 3841, 3364, 4036,
 4073, 3411, 4093,
 4235, 3460, 4152,
 4298, 3509, 4211,
 4292, 3559, 4271,
 4246, 3610, 4332,
 4180, 3661, 4393,
 4107, 3713, 4456,
 4035, 3766, 4519,
 3972, 3819, 4582,
 3931, 3872, 4647,
 4121, 3494, 4891,
 3256, 3532, 4944,
 3123, 3570, 4998,
 3215, 3610, 5054,
 3410, 3650, 5110,
 3646, 3691, 5168,
 3888, 3733, 5226,
 4112, 3776, 5286,
 4263, 3819, 5346,
 4318, 3863, 5408,
 4306, 3907, 5469,
 4256, 3951, 5532,
 4187, 3996, 5594,
 4111, 4041, 5657,
 4037, 4086, 5720,
 3974, 4131, 5784,
 3931, 4176, 5847,
 4315, 3860, 6177,
 3365, 3894, 6231,
 3208, 3928, 6285,
 3288, 3963, 6341,
 3475, 3998, 6397,
 3703, 4034, 6454,
 3937, 4070, 6512,
 4152, 4106, 6570,
 4292, 4143, 6628,
 4337, 4180, 6687,
 4319, 4216, 6746,
 4265, 4253, 6805,
 4193, 4290, 6864,
 4115, 4327, 6923,
 4040, 4363, 6982,
 3975, 4400, 7040,
 3931, 4436, 7098,
 4519, 4164, 7495,
 3480, 4190, 7542,
 3296, 4216, 7590,
 3364, 4243, 7637,
 3542, 4270, 7686,
 3761, 4297, 7734,
 3987, 4323, 7782,
 4193, 4350, 7831,
 4321, 4377, 7879,
 4358, 4404, 7926,
 4333, 4430, 7974,
 4275, 4456, 8022,
 4200, 4482, 8068,
 4120, 4508, 8115,
 4043, 4534, 8160,
 3976, 4559, 8206,
 3931, 4583, 8250,
 4731, 4331, 8661,
 3600, 4349, 8698,
 3388, 4368, 8735,
 3443, 4386, 8772,
 3611, 4405, 8809,
 3821, 4423, 8846,
 4037, 4442, 8884,
 4233, 4460, 8920,
 4350, 4478, 8957,
 4377, 4497, 8994,
 4347, 4515, 9030,
 4284, 4533, 9065,
 4206, 4550, 9100,
 4124, 4568, 9135,
 4045, 4585, 9170,
 3978, 4602, 9203,
 3931, 4618, 9236,
 4950, 4388, 9654,
 3723, 4401, 9682,
 3483, 4413, 9710,
 3524, 4426, 9738,
 3680, 4439, 9766,
 3881, 4452, 9794,
 4088, 4464, 9821,
 4274, 4477, 9849,
 4378, 4489, 9876,
 4397, 4502, 9903,
 4360, 4514, 9930,
 4293, 4526, 9957,
 4212, 4538, 9983,
 4128, 4549,10008,
 4048, 4561,10034,
 3979, 4572,10058,
 3931, 4583,10083,
 5176, 4379,10509,
 3852, 4387,10530,
 3580, 4396,10550,
 3606, 4405,10571,
 3752, 4413,10592,
 3941, 4422,10613,
 4139, 4431,10633,
 4314, 4439,10654,
 4406, 4448,10674,
 4416, 4456,10694,
 4373, 4464,10714,
 4302, 4472,10733,
 4218, 4480,10752,
 4132, 4488,10771,
 4050, 4496,10790,
 3980, 4503,10808,
 3931, 4511,10825,
 5409, 4332,11264,
 3982, 4338,11280,
 3680, 4344,11295,
 3690, 4350,11310,
 3823, 4356,11326,
 4001, 4362,11341,
 4189, 4367,11355,
 4353, 4373,11370,
 4433, 4379,11385,
 4435, 4385,11400,
 4386, 4390,11414,
 4311, 4395,11428,
 4224, 4401,11442,
 4136, 4406,11455,
 4052, 4411,11468,
 3981, 4416,11481,
 3931, 4421,11494,
 5646, 4269,11953,
 4116, 4273,11964,
 3781, 4277,11974,
 3774, 4280,11985,
 3894, 4284,11996,
 4061, 4288,12007,
 4238, 4292,12017,
 4391, 4295,12027,
 4460, 4299,12037,
 4453, 4303,12048,
 4398, 4306,12057,
 4319, 4310,12067,
 4230, 4313,12077,
 4139, 4316,12086,
 4055, 4320,12095,
 3982, 4323,12103,
 3931, 4326,12112,
 5888, 4201,12602,
 4250, 4203,12609,
 3882, 4205,12616,
 3858, 4208,12623,
 3964, 4210,12630,
 4120, 4212,12637,
 4287, 4215,12644,
 4428, 4217,12650,
 4485, 4219,12657,
 4470, 4221,12663,
 4410, 4223,12670,
 4327, 4225,12676,
 4235, 4227,12681,
 4143, 4229,12687,
 4057, 4231,12693,
 3983, 4233,12698,
 3931, 4234,12703,
 6129, 4139,13244,
 4386, 4140,13247,
 3984, 4141,13251,
 3942, 4142,13254,
 4034, 4143,13258,
 4179, 4144,13262,
 4334, 4145,13265,
 4464, 4146,13268,
 4510, 4147,13271,
 4487, 4148,13274,
 4421, 4149,13277,
 4335, 4150,13280,
 4241, 4151,13283,
 4146, 4152,13286,
 4059, 4153,13289,
 3984, 4154,13291,
 3931, 4154,13294,
  375, 4095,13923,
 4521, 4095,13923,
 4086, 4095,13923,
 4024, 4095,13923,
 4103, 4095,13923,
 4235, 4095,13923,
 4380, 4095,13923,
 4497, 4095,13923,
 4533, 4095,13923,
 4502, 4095,13923,
 4432, 4095,13923,
 4342, 4095,13923,
 4245, 4095,13923,
 4149, 4095,13923,
 4061, 4095,13923,
 3985, 4095,13923,
 3931, 4095,13923,
  191,   69,  196,
 2752,   75,  212,
 2730,   80,  228,
 2866,   86,  245,
 3093,   93,  263,
 3362, 1693,  282,
 3638, 1814,  302,
 3901, 1940,  323,
 4107, 2073,  345,
 4208, 2211,  368,
 4229, 2352,  392,
 4203, 2499,  417,
 4150, 2651,  442,
 4087, 2809,  468,
 4022, 2970,  495,
 3967, 3136,  523,
 3931,  195,  551,
 3360, 1749,  583,
 2821, 1804,  601,
 2785, 1861,  620,
 2916, 1922,  641,
 3139, 1987,  662,
 3404, 2055,  685,
 3676, 2124,  708,
 3933, 2199,  733,
 4132, 2275,  758,
 4225, 2354,  785,
 4242, 2436,  812,
 4211, 2522,  841,
 4156, 2609,  870,
 4091, 2699,  900,
 4025, 2792,  931,
 3968, 2888,  963,
 3931, 2985,  995,
 3493, 2070, 1035,
 2897, 2115, 1057,
 2845, 2162, 1081,
 2969, 2212, 1106,
 3189, 2264, 1132,
 3449, 2318, 1159,
 3716, 2375, 1187,
 3968, 2434, 1217,
 4158, 2495, 1247,
 4244, 2558, 1279,
 4254, 2623, 1312,
 4220, 2691, 1345,
 4162, 2760, 1380,
 4095, 2831, 1416,
 4027, 2904, 1452,
 3969, 2979, 1489,
 3931, 3056, 1528,
 3640, 2379, 1586,
 2981, 2421, 1614,
 2911, 2465, 1643,
 3028, 2512, 1674,
 3242, 2560, 1706,
 3497, 2610, 1740,
 3759, 2662, 1775,
 4004, 2716, 1810,
 4184, 2772, 1848,
 4262, 2829, 1886,
 4267, 2888, 1925,
 4229, 2949, 1966,
 4169, 3011, 2008,
 4099, 3075, 2050,
 4030, 3141, 2094,
 3970, 3207, 2138,
 3931, 3275, 2184,
 3800, 2729, 2274,
 3073, 2771, 2309,
 2982, 2815, 2346,
 3090, 2860, 2384,
 3299, 2908, 2423,
 3548, 2956, 2463,
 3803, 3006, 2505,
 4041, 3058, 2548,
 4212, 3111, 2592,
 4282, 3165, 2637,
 4281, 3221, 2684,
 4239, 3277, 2731,
 4175, 3335, 2779,
 4103, 3393, 2828,
 4033, 3453, 2877,
 3971, 3512, 2927,
 3931, 3574, 2978,
 3973, 3117, 3117,
 3171, 3158, 3158,
 3058, 3200, 3200,
 3157, 3244, 3244,
 3359, 3288, 3288,
 3601, 3334, 3334,
 3850, 3381, 3381,
 4080, 3429, 3429,
 4240, 3477, 3477,
 4301, 3527, 3527,
 4294, 3578, 3578,
 4248, 3629, 3629,
 4181, 3681, 3681,
 4108, 3733, 3733,
 4035, 3785, 3785,
 3973, 3838, 3838,
 3931, 3892, 3892,
 4157, 3507, 4092,
 3276, 3546, 4137,
 3139, 3585, 4182,
 3228, 3625, 4229,
 3422, 3665, 4276,
 3657, 3707, 4324,
 3897, 3749, 4374,
 4119, 3792, 4424,
 4269, 3835, 4474,
 4321, 3879, 4525,
 4308, 3923, 4577,
 4257, 3967, 4629,
 4188, 4012, 4681,
 4112, 4057, 4734,
 4038, 4103, 4787,
 3974, 4148, 4839,
 3931, 4193, 4892,
 4352, 3873, 5164,
 3386, 3907, 5209,
 3224, 3941, 5254,
 3302, 3976, 5301,
 3487, 4011, 5348,
 3714, 4047, 5396,
 3947, 4083, 5444,
 4160, 4120, 5493,
 4297, 4156, 5542,
 4341, 4193, 5591,
 4322, 4230, 5640,
 4267, 4267, 5689,
 4194, 4304, 5738,
 4116, 4340, 5787,
 4040, 4377, 5836,
 3975, 4413, 5885,
 3931, 4449, 5932,
 4556, 4173, 6260,
 3502, 4200, 6300,
 3313, 4226, 6339,
 3379, 4253, 6379,
 3554, 4280, 6420,
 3772, 4307, 6460,
 3996, 4333, 6500,
 4200, 4360, 6540,
 4326, 4387, 6580,
 4361, 4414, 6620,
 4336, 4440, 6660,
 4276, 4466, 6699,
 4201, 4492, 6738,
 4120, 4518, 6776,
 4043, 4543, 6814,
 3977, 4568, 6852,
 3931, 4592, 6888,
 4769, 4337, 7229,
 3622, 4356, 7260,
 3405, 4374, 7291,
 3458, 4393, 7322,
 3623, 4412, 7353,
 3832, 4430, 7383,
 4047, 4449, 7414,
 4241, 4467, 7445,
 4355, 4485, 7476,
 4381, 4503, 7506,
 4349, 4521, 7536,
 4286, 4539, 7565,
 4207, 4557, 7594,
 4125, 4574, 7623,
 4046, 4591, 7652,
 3978, 4608, 7679,
 3931, 4624, 7707,
 4991, 4393, 8053,
 3747, 4406, 8077,
 3501, 4418, 8100,
 3539, 4431, 8123,
 3694, 4444, 8147,
 3892, 4456, 8170,
 4097, 4469, 8193,
 4281, 4481, 8216,
 4383, 4494, 8238,
 4400, 4506, 8261,
 4362, 4518, 8283,
 4295, 4530, 8305,
 4213, 4542, 8327,
 4129, 4554, 8348,
 4048, 4565, 8369,
 3979, 4576, 8390,
 3931, 4587, 8410,
 5219, 4382, 8763,
 3875, 4390, 8781,
 3599, 4399, 8798,
 3622, 4408, 8816,
 3765, 4416, 8833,
 3952, 4425, 8850,
 4148, 4434, 8867,
 4321, 4442, 8884,
 4411, 4451, 8901,
 4420, 4459, 8918,
 4376, 4467, 8934,
 4304, 4475, 8950,
 4220, 4483, 8966,
 4133, 4491, 8982,
 4051, 4498, 8997,
 3980, 4506, 9012,
 3931, 4513, 9026,
 5453, 4335, 9392,
 4007, 4340, 9404,
 3698, 4346, 9417,
 3705, 4352, 9430,
 3836, 4358, 9443,
 4012, 4364, 9455,
 4198, 4370, 9468,
 4360, 4375, 9480,
 4439, 4381, 9492,
 4438, 4386, 9504,
 4388, 4392, 9516,
 4313, 4397, 9527,
 4225, 4403, 9539,
 4136, 4408, 9550,
 4053, 4413, 9561,
 3981, 4418, 9571,
 3931, 4422, 9582,
 5692, 4270, 9964,
 4141, 4274, 9973,
 3800, 4278, 9982,
 3789, 4282, 9991,
 3907, 4286,10000,
 4073, 4289,10009,
 4248, 4293,10017,
 4398, 4297,10026,
 4465, 4300,10034,
 4456, 4304,10043,
 4401, 4308,10051,
 4321, 4311,10059,
 4231, 4314,10066,
 4140, 4318,10074,
 4055, 4321,10082,
 3982, 4324,10089,
 3931, 4327,10096,
 5932, 4202,10504,
 4276, 4204,10510,
 3902, 4206,10516,
 3874, 4209,10522,
 3977, 4211,10527,
 4131, 4213,10533,
 4296, 4215,10538,
 4435, 4218,10544,
 4490, 4220,10549,
 4473, 4222,10555,
 4412, 4224,10560,
 4329, 4226,10565,
 4236, 4228,10570,
 4144, 4230,10574,
 4057, 4232,10579,
 3983, 4233,10584,
 3931, 4235,10588,
 6174, 4139,11037,
 4410, 4140,11040,
 4004, 4141,11043,
 3957, 4142,11046,
 4047, 4144,11049,
 4189, 4145,11052,
 4343, 4146,11055,
 4470, 4147,11058,
 4514, 4148,11060,
 4490, 4149,11063,
 4423, 4150,11065,
 4337, 4150,11068,
 4241, 4151,11070,
 4147, 4152,11073,
 4059, 4153,11075,
 3984, 4154,11077,
 3931, 4155,11079,
  377, 4095,11602,
 4546, 4095,11602,
 4104, 4095,11602,
 4039, 4095,11602,
 4115, 4095,11602,
 4245, 4095,11602,
 4388, 4095,11602,
 4504, 4095,11602,
 4537, 4095,11602,
 4505, 4095,11602,
 4434, 4095,11602,
 4343, 4095,11602,
 4246, 4095,11602,
 4150, 4095,11602,
 4061, 4095,11602,
 3985, 4095,11602,
 3931, 4095,11602,
  192,   71,  173,
 2764,   77,  186,
 2740,   83,  201,
 2875,   89,  216,
 3101,   95,  231,
 3370, 1737,  248,
 3645, 1860,  266,
 3907, 1989,  284,
 4112, 2123,  303,
 4211, 2261,  323,
 4232, 2406,  344,
 4204, 2555,  365,
 4152, 2710,  387,
 4088, 2868,  410,
 4023, 3032,  433,
 3967, 3199,  457,
 3931,  198,  481,
 3386, 1769,  505,
 2834, 1825,  521,
 2795, 1883,  538,
 2925, 1946,  556,
 3148, 2011,  575,
 3412, 2080,  594,
 3683, 2151,  615,
 3939, 2226,  636,
 4137, 2303,  658,
 4229, 2384,  681,
 4244, 2467,  705,
 4213, 2553,  730,
 4157, 2642,  755,
 4092, 2733,  781,
 4025, 2827,  808,
 3968, 2923,  835,
 3931, 3022,  863,
 3520, 2086,  894,
 2912, 2132,  914,
 2856, 2180,  934,
 2980, 2231,  956,
 3198, 2283,  978,
 3458, 2339, 1002,
 3724, 2396, 1027,
 3974, 2456, 1053,
 4162, 2517, 1079,
 4247, 2582, 1106,
 4257, 2648, 1135,
 4222, 2716, 1164,
 4163, 2786, 1194,
 4096, 2857, 1225,
 4028, 2931, 1256,
 3969, 3007, 1289,
 3931, 3084, 1322,
 3670, 2394, 1368,
 2997, 2437, 1393,
 2923, 2482, 1418,
 3039, 2529, 1445,
 3252, 2578, 1473,
 3506, 2629, 1502,
 3767, 2681, 1532,
 4010, 2736, 1564,
 4190, 2792, 1596,
 4266, 2851, 1629,
 4270, 2910, 1663,
 4231, 2972, 1698,
 4170, 3035, 1734,
 4100, 3099, 1771,
 4031, 3165, 1808,
 3970, 3232, 1847,
 3931, 3300, 1886,
 3831, 2745, 1960,
 3090, 2787, 1991,
 2996, 2832, 2023,
 3103, 2878, 2055,
 3310, 2925, 2090,
 3558, 2974, 2125,
 3812, 3025, 2161,
 4048, 3077, 2198,
 4217, 3131, 2236,
 4285, 3185, 2275,
 4283, 3241, 2315,
 4240, 3298, 2356,
 4176, 3356, 2397,
 4104, 3415, 2439,
 4033, 3475, 2482,
 3972, 3535, 2525,
 3931, 3596, 2569,
 4004, 3132, 2684,
 3190, 3173, 2720,
 3073, 3216, 2756,
 3170, 3260, 2794,
 3371, 3305, 2833,
 3612, 3351, 2872,
 3858, 3399, 2913,
 4087, 3447, 2954,
 4245, 3496, 2996,
 4305, 3546, 3039,
 4297, 3596, 3082,
 4250, 3647, 3126,
 4183, 3699, 3171,
 4108, 3752, 3216,
 4036, 3805, 3261,
 3973, 3857, 3306,
 3931, 3911, 3352,
 4192, 3521, 3521,
 3296, 3560, 3560,
 3154, 3599, 3599,
 3242, 3639, 3639,
 3434, 3681, 3681,
 3667, 3722, 3722,
 3906, 3765, 3765,
 4127, 3807, 3807,
 4274, 3851, 3851,
 4325, 3895, 3895,
 4311, 3939, 3939,
 4259, 3984, 3984,
 4189, 4029, 4029,
 4113, 4074, 4074,
 4039, 4119, 4119,
 3974, 4164, 4164,
 3931, 4210, 4210,
 4388, 3885, 4440,
 3407, 3919, 4479,
 3240, 3954, 4518,
 3316, 3989, 4559,
 3500, 4024, 4599,
 3725, 4060, 4640,
 3955, 4096, 4681,
 4167, 4133, 4724,
 4303, 4170, 4765,
 4345, 4206, 4807,
 4325, 4244, 4850,
 4269, 4280, 4892,
 4196, 4317, 4934,
 4117, 4354, 4976,
 4041, 4391, 5018,
 3975, 4427, 5059,
 3931, 4462, 5100,
 4594, 4183, 5378,
 3524, 4210, 5412,
 3329, 4236, 5446,
 3393, 4263, 5481,
 3567, 4290, 5515,
 3783, 4316, 5550,
 4005, 4343, 5584,
 4208, 4370, 5619,
 4332, 4397, 5653,
 4365, 4423, 5687,
 4338, 4449, 5721,
 4278, 4475, 5754,
 4202, 4501, 5787,
 4121, 4527, 5820,
 4044, 4552, 5852,
 3977, 4577, 5884,
 3931, 4601, 5916,
 4812, 4344, 6206,
 3646, 4363, 6232,
 3423, 4381, 6259,
 3473, 4400, 6285,
 3636, 4418, 6312,
 3843, 4437, 6338,
 4056, 4455, 6365,
 4249, 4474, 6391,
 4361, 4492, 6417,
 4385, 4510, 6443,
 4352, 4528, 6468,
 4287, 4546, 6494,
 4208, 4563, 6519,
 4125, 4580, 6543,
 4046, 4597, 6567,
 3978, 4614, 6591,
 3931, 4630, 6614,
 5033, 4397, 6910,
 3771, 4410, 6930,
 3519, 4423, 6950,
 3554, 4436, 6970,
 3707, 4448, 6990,
 3903, 4461, 7010,
 4107, 4473, 7030,
 4289, 4486, 7049,
 4389, 4498, 7069,
 4404, 4510, 7088,
 4365, 4522, 7107,
 4297, 4534, 7126,
 4215, 4546, 7144,
 4130, 4558, 7162,
 4049, 4569, 7180,
 3979, 4580, 7197,
 3931, 4591, 7214,
 5263, 4385, 7517,
 3900, 4394, 7532,
 3617, 4402, 7547,
 3637, 4411, 7562,
 3778, 4420, 7577,
 3964, 4428, 7591,
 4157, 4437, 7606,
 4328, 4445, 7620,
 4416, 4454, 7635,
 4423, 4462, 7649,
 4378, 4470, 7663,
 4306, 4478, 7677,
 4221, 4486, 7690,
 4133, 4494, 7703,
 4051, 4501, 7716,
 3980, 4509, 7729,
 3931, 4516, 7741,
 5497, 4337, 8054,
 4031, 4343, 8065,
 3717, 4349, 8076,
 3721, 4354, 8087,
 3849, 4360, 8098,
 4024, 4366, 8108,
 4207, 4372, 8119,
 4367, 4377, 8129,
 4443, 4383, 8140,
 4442, 4388, 8150,
 4391, 4394, 8160,
 4314, 4399, 8170,
 4226, 4404, 8180,
 4137, 4410, 8189,
 4053, 4414, 8198,
 3981, 4419, 8207,
 3931, 4424, 8216,
 5736, 4272, 8543,
 4165, 4276, 8551,
 3819, 4279, 8559,
 3805, 4283, 8566,
 3920, 4287, 8574,
 4084, 4291, 8582,
 4257, 4294, 8589,
 4405, 4298, 8596,
 4470, 4302, 8604,
 4459, 4305, 8611,
 4403, 4309, 8617,
 4322, 4312, 8624,
 4232, 4315, 8631,
 4141, 4319, 8637,
 4055, 4322, 8644,
 3982, 4325, 8650,
 3931, 4328, 8656,
 5976, 4203, 9005,
 4301, 4205, 9010,
 3920, 4207, 9015,
 3889, 4209, 9020,
 3990, 4212, 9025,
 4142, 4214, 9030,
 4305, 4216, 9035,
 4442, 4218, 9039,
 4495, 4221, 9044,
 4477, 4223, 9049,
 4415, 4225, 9053,
 4330, 4227, 9057,
 4237, 4229, 9061,
 4144, 4230, 9065,
 4058, 4232, 9069,
 3983, 4234, 9073,
 3931, 4236, 9076,
 6219, 4139, 9462,
 4436, 4141, 9464,
 4022, 4142, 9467,
 3973, 4143, 9469,
 4060, 4144, 9472,
 4200, 4145, 9474,
 4351, 4146, 9477,
 4476, 4147, 9479,
 4519, 4148, 9481,
 4493, 4149, 9483,
 4425, 4150, 9485,
 4338, 4151, 9488,
 4242, 4152, 9490,
 4148, 4153, 9492,
 4059, 4153, 9493,
 3984, 4154, 9495,
 3931, 4155, 9497,
  380, 4095, 9945,
 4571, 4095, 9945,
 4122, 4095, 9945,
 4055, 4095, 9945,
 4127, 4095, 9945,
 4255, 4095, 9945,
 4396, 4095, 9945,
 4510, 4095, 9945,
 4541, 4095, 9945,
 4508, 4095, 9945,
 4436, 4095, 9945,
 4345, 4095, 9945,
 4247, 4095, 9945,
 4150, 4095, 9945,
 4061, 4095, 9945,
 3985, 4095, 9945,
 3931, 4095, 9945,
 3286,   73,  156,
 2777, 1339,  167,
 2750, 1441,  180,
 2884, 1549,  194,
 3110, 1662,  208,
 3377, 1781,  223,
 3652, 1905,  238,
 3913, 2035,  254,
 4116, 2173,  272,
 4214, 2314,  289,
 4234, 2459,  307,
 4206, 2610,  326,
 4153, 2766,  346,
 4088, 2926,  366,
 4023, 3094,  387,
 3967, 3261,  408,
 3931,  202,  429,
 3408, 1788,  447,
 2848, 1845,  461,
 2806, 1905,  476,
 2935, 1969,  492,
 3157, 2036,  509,
 3420, 2107,  527,
 3691, 2178,  545,
 3946, 2254,  563,
 4141, 2334,  583,
 4232, 2415,  604,
 4246, 2499,  625,
 4214, 2585,  646,
 4159, 2675,  669,
 4092, 2767,  692,
 4026, 2862,  716,
 3968, 2959,  740,
 3931, 3058,  765,
 3547, 2103,  789,
 2927, 2149,  806,
 2869, 2198,  824,
 2991, 2250,  844,
 3208, 2303,  864,
 3466, 2360,  885,
 3732, 2418,  907,
 3981, 2478,  929,
 4168, 2540,  953,
 4251, 2605,  977,
 4259, 2672, 1002,
 4224, 2741, 1028,
 4165, 2812, 1055,
 4096, 2884, 1082,
 4028, 2958, 1109,
 3969, 3035, 1138,
 3931, 3113, 1167,
 3699, 2410, 1205,
 3015, 2453, 1226,
 2936, 2499, 1249,
 3050, 2547, 1273,
 3263, 2596, 1298,
 3516, 2648, 1324,
 3775, 2701, 1351,
 4017, 2757, 1378,
 4195, 2813, 1407,
 4269, 2873, 1436,
 4272, 2933, 1466,
 4233, 2995, 1497,
 4171, 3058, 1529,
 4101, 3123, 1562,
 4031, 3189, 1595,
 3971, 3257, 1628,
 3931, 3326, 1663,
 3863, 2760, 1725,
 3110, 2803, 1752,
 3010, 2848, 1780,
 3115, 2895, 1810,
 3321, 2943, 1839,
 3567, 2993, 1870,
 3820, 3044, 1903,
 4055, 3096, 1935,
 4222, 3150, 1969,
 4289, 3206, 2004,
 4286, 3262, 2039,
 4242, 3319, 2074,
 4177, 3377, 2111,
 4105, 3437, 2148,
 4034, 3496, 2185,
 3972, 3558, 2223,
 3931, 3619, 2262,
 4040, 3147, 2360,
 3209, 3189, 2391,
 3088, 3232, 2424,
 3183, 3276, 2457,
 3382, 3322, 2491,
 3621, 3368, 2526,
 3867, 3416, 2562,
 4094, 3465, 2599,
 4251, 3514, 2635,
 4309, 3564, 2673,
 4299, 3615, 2711,
 4251, 3666, 2750,
 4184, 3719, 2789,
 4109, 3771, 2828,
 4036, 3824, 2868,
 3973, 3877, 2908,
 3931, 3931, 2948,
 4230, 3536, 3094,
 3316, 3574, 3128,
 3170, 3614, 3162,
 3255, 3654, 3198,
 3446, 3696, 3234,
 3677, 3737, 3270,
 3916, 3780, 3308,
 4134, 3823, 3345,
 4280, 3867, 3383,
 4329, 3911, 3422,
 4313, 3956, 3461,
 4261, 4000, 3500,
 4190, 4046, 3540,
 4114, 4091, 3579,
 4039, 4136, 3619,
 3974, 4180, 3658,
 3931, 4226, 3698,
 4427, 3897, 3897,
 3428, 3932, 3932,
 3257, 3966, 3966,
 3330, 4002, 4002,
 3512, 4038, 4038,
 3735, 4074, 4074,
 3965, 4110, 4110,
 4175, 4146, 4146,
 4309, 4183, 4183,
 4349, 4220, 4220,
 4327, 4257, 4257,
 4271, 4294, 4294,
 4197, 4331, 4331,
 4118, 4367, 4367,
 4042, 4404, 4404,
 3976, 4440, 4440,
 3931, 4476, 4476,
 4634, 4193, 4717,
 3546, 4219, 4747,
 3347, 4246, 4776,
 3408, 4272, 4807,
 3580, 4300, 4837,
 3795, 4326, 4867,
 4015, 4353, 4897,
 4216, 4380, 4927,
 4337, 4406, 4957,
 4369, 4433, 4987,
 4341, 4459, 5017,
 4280, 4485, 5046,
 4203, 4511, 5075,
 4122, 4536, 5103,
 4044, 4561, 5131,
 3977, 4586, 5159,
 3931, 4610, 5186,
 4851, 4351, 5438,
 3669, 4369, 5462,
 3441, 4388, 5485,
 3488, 4407, 5508,
 3649, 4425, 5532,
 3854, 4444, 5554,
 4065, 4462, 5577,
 4256, 4480, 5601,
 4366, 4499, 5623,
 4388, 4517, 5646,
 4354, 4535, 5668,
 4289, 4552, 5690,
 4210, 4569, 5712,
 4126, 4586, 5733,
 4047, 4603, 5754,
 3978, 4620, 5775,
 3931, 4636, 5795,
 5076, 4402, 6053,
 3795, 4415, 6070,
 3537, 4428, 6088,
 3570, 4440, 6105,
 3720, 4453, 6123,
 3914, 4465, 6140,
 4116, 4478, 6157,
 4297, 4490, 6174,
 4394, 4503, 6191,
 4408, 4515, 6208,
 4368, 4527, 6224,
 4298, 4539, 6241,
 4216, 4551, 6257,
 4130, 4562, 6273,
 4049, 4573, 6288,
 3980, 4584, 6303,
 3931, 4595, 6318,
 5306, 4388, 6582,
 3924, 4397, 6595,
 3636, 4406, 6608,
 3653, 4414, 6621,
 3791, 4423, 6634,
 3975, 4431, 6647,
 4167, 4440, 6660,
 4336, 4448, 6673,
 4421, 4457, 6685,
 4426, 4465, 6697,
 4381, 4473, 6709,
 4307, 4481, 6722,
 4222, 4489, 6733,
 4134, 4497, 6745,
 4051, 4504, 6756,
 3981, 4511, 6767,
 3931, 4518, 6778,
 5542, 4339, 7051,
 4056, 4345, 7060,
 3737, 4351, 7070,
 3737, 4357, 7079,
 3863, 4362, 7089,
 4035, 4368, 7098,
 4217, 4374, 7107,
 4374, 4379, 7117,
 4448, 4385, 7126,
 4445, 4391, 7135,
 4393, 4396, 7143,
 4316, 4401, 7152,
 4228, 4406, 7160,
 4138, 4411, 7168,
 4054, 4416, 7177,
 3982, 4421, 7184,
 3931, 4426, 7192,
 5781, 4273, 7478,
 4191, 4277, 7485,
 3838, 4281, 7491,
 3821, 4285, 7498,
 3933, 4288, 7505,
 4095, 4292, 7511,
 4266, 4296, 7518,
 4412, 4299, 7524,
 4474, 4303, 7530,
 4463, 4307, 7536,
 4405, 4310, 7543,
 4324, 4313, 7548,
 4233, 4317, 7554,
 4141, 4320, 7560,
 4056, 4323, 7565,
 3983, 4326, 7570,
 3931, 4329, 7576,
 6022, 4203, 7881,
 4326, 4206, 7886,
 3940, 4208, 7890,
 3905, 4210, 7894,
 4003, 4213, 7898,
 4153, 4215, 7903,
 4314, 4217, 7907,
 4448, 4219, 7911,
 4499, 4221, 7915,
 4479, 4223, 7919,
 4416, 4225, 7923,
 4332, 4227, 7926,
 4238, 4229, 7930,
 4145, 4231, 7933,
 4058, 4233, 7937,
 3984, 4235, 7940,
 3931, 4236, 7943,
 6265, 4140, 8280,
 4461, 4141, 8282,
 4041, 4142, 8284,
 3988, 4143, 8286,
 4073, 4144, 8289,
 4210, 4145, 8291,
 4360, 4146, 8293,
 4483, 4147, 8295,
 4523, 4148, 8296,
 4496, 4149, 8299,
 4427, 4150, 8301,
 4339, 4151, 8302,
 4243, 4152, 8304,
 4148, 4153, 8306,
 4060, 4154, 8307,
 3984, 4154, 8309,
 3931, 4155, 8310,
  383, 4095, 8702,
 4596, 4095, 8702,
 4142, 4095, 8702,
 4069, 4095, 8702,
 4139, 4095, 8702,
 4265, 4095, 8702,
 4405, 4095, 8702,
 4515, 4095, 8702,
 4545, 4095, 8702,
 4511, 4095, 8702,
 4438, 4095, 8702,
 4346, 4095, 8702,
 4248, 4095, 8702,
 4151, 4095, 8702,
 4062, 4095, 8702,
 3985, 4095, 8702,
 3931, 4095, 8702,
 3308,   75,  142,
 2788, 1376,  153,
 2760, 1481,  165,
 2893, 1589,  177,
 3118, 1707,  190,
 3385, 1827,  203,
 3659, 1955,  217,
 3919, 2086,  232,
 4121, 2225,  247,
 4217, 2366,  263,
 4236, 2514,  279,
 4207, 2668,  296,
 4154, 2825,  314,
 4089, 2985,  332,
 4024, 3153,  350,
 3967, 3326,  370,
 3931,  206,  389,
 3433, 1809,  402,
 2862, 1867,  415,
 2818, 1928,  429,
 2945, 1993,  443,
 3166, 2061,  458,
 3429, 2132,  474,
 3698, 2206,  490,
 3952, 2283,  507,
 4146, 2362,  525,
 4235, 2444,  543,
 4249, 2530,  562,
 4216, 2618,  582,
 4160, 2708,  602,
 4093, 2802,  623,
 4026, 2898,  644,
 3968, 2995,  666,
 3931, 3095,  688,
 3574, 2120,  707,
 2943, 2167,  722,
 2881, 2217,  739,
 3001, 2269,  756,
 3218, 2324,  775,
 3475, 2381,  794,
 3740, 2440,  813,
 3987, 2501,  834,
 4173, 2564,  855,
 4254, 2630,  877,
 4262, 2697,  899,
 4225, 2767,  922,
 4166, 2838,  946,
 4097, 2912,  971,
 4029, 2987,  996,
 3970, 3063, 1021,
 3931, 3142, 1047,
 3727, 2425, 1078,
 3032, 2470, 1098,
 2949, 2516, 1118,
 3063, 2565, 1140,
 3274, 2615, 1162,
 3525, 2667, 1185,
 3783, 2721, 1209,
 4024, 2777, 1234,
 4200, 2835, 1260,
 4273, 2894, 1286,
 4275, 2955, 1313,
 4234, 3018, 1341,
 4172, 3082, 1370,
 4101, 3147, 1399,
 4032, 3214, 1428,
 3971, 3282, 1459,
 3931, 3351, 1489,
 3895, 2776, 1542,
 3127, 2819, 1566,
 3024, 2865, 1592,
 3127, 2912, 1618,
 3332, 2961, 1645,
 3577, 3011, 1673,
 3829, 3063, 1702,
 4062, 3116, 1731,
 4228, 3170, 1761,
 4293, 3226, 1792,
 4288, 3283, 1824,
 4244, 3340, 1856,
 4179, 3399, 1888,
 4106, 3459, 1921,
 4034, 3519, 1955,
 3972, 3580, 1989,
 3931, 3641, 2023,
 4074, 3162, 2108,
 3229, 3204, 2136,
 3102, 3248, 2165,
 3197, 3293, 2195,
 3394, 3339, 2226,
 3632, 3386, 2257,
 3876, 3434, 2289,
 4102, 3483, 2322,
 4256, 3532, 2355,
 4313, 3583, 2389,
 4302, 3634, 2423,
 4253, 3686, 2457,
 4185, 3738, 2492,
 4110, 3791, 2527,
 4037, 3844, 2562,
 3974, 3897, 2598,
 3931, 3951, 2634,
 4265, 3550, 2761,
 3336, 3588, 2791,
 3185, 3629, 2822,
 3268, 3669, 2854,
 3458, 3711, 2886,
 3688, 3753, 2919,
 3925, 3796, 2953,
 4142, 3839, 2986,
 4285, 3883, 3020,
 4332, 3927, 3055,
 4316, 3972, 3089,
 4263, 4017, 3124,
 4192, 4062, 3159,
 4114, 4107, 3195,
 4039, 4152, 3229,
 3975, 4197, 3265,
 3931, 4242, 3300,
 4465, 3910, 3476,
 3450, 3945, 3506,
 3274, 3979, 3537,
 3344, 4015, 3569,
 3525, 4051, 3601,
 3746, 4087, 3633,
 3974, 4123, 3665,
 4183, 4160, 3698,
 4314, 4197, 3731,
 4352, 4234, 3763,
 4330, 4271, 3796,
 4272, 4307, 3829,
 4198, 4344, 3861,
 4119, 4381, 3894,
 4042, 4417, 3926,
 3976, 4453, 3958,
 3931, 4488, 3990,
 4674, 4203, 4203,
 3568, 4229, 4229,
 3364, 4256, 4256,
 3422, 4282, 4282,
 3593, 4309, 4309,
 3805, 4336, 4336,
 4024, 4363, 4363,
 4223, 4389, 4389,
 4342, 4416, 4416,
 4372, 4442, 4442,
 4343, 4468, 4468,
 4282, 4495, 4495,
 4204, 4520, 4520,
 4123, 4545, 4545,
 4045, 4570, 4570,
 3977, 4594, 4594,
 3931, 4619, 4619,
 4893, 4357, 4842,
 3692, 4376, 4862,
 3458, 4395, 4883,
 3503, 4413, 4904,
 3663, 4432, 4924,
 3865, 4450, 4945,
 4075, 4469, 4965,
 4264, 4487, 4986,
 4371, 4505, 5006,
 4392, 4523, 5026,
 4357, 4541, 5046,
 4291, 4558, 5065,
 4211, 4576, 5084,
 4127, 4593, 5103,
 4047, 4609, 5122,
 3979, 4626, 5140,
 3931, 4642, 5158,
 5118, 4407, 5386,
 3819, 4419, 5402,
 3555, 4432, 5417,
 3585, 4445, 5433,
 3733, 4457, 5448,
 3926, 4470, 5463,
 4125, 4482, 5479,
 4304, 4495, 5494,
 4399, 4507, 5509,
 4411, 4519, 5524,
 4370, 4531, 5538,
 4300, 4543, 5553,
 4217, 4555, 5567,
 4131, 4566, 5581,
 4050, 4577, 5594,
 3980, 4588, 5608,
 3931, 4599, 5621,
 5349, 4391, 5855,
 3949, 4400, 5867,
 3654, 4409, 5878,
 3669, 4417, 5890,
 3804, 4426, 5901,
 3986, 4434, 5913,
 4176, 4443, 5924,
 4343, 4452, 5935,
 4427, 4460, 5946,
 4430, 4468, 5957,
 4383, 4476, 5968,
 4309, 4484, 5978,
 4223, 4492, 5989,
 4135, 4499, 5999,
 4052, 4507, 6009,
 3981, 4514, 6018,
 3931, 4521, 6028,
 5585, 4341, 6270,
 4081, 4347, 6279,
 3755, 4353, 6287,
 3752, 4359, 6296,
 3876, 4365, 6304,
 4046, 4370, 6312,
 4226, 4376, 6321,
 4382, 4381, 6329,
 4453, 4387, 6337,
 4448, 4392, 6345,
 4395, 4398, 6352,
 4317, 4403, 6360,
 4229, 4408, 6367,
 4139, 4413, 6375,
 4054, 4418, 6382,
 3982, 4423, 6388,
 3931, 4427, 6395,
 5826, 4275, 6649,
 4216, 4278, 6655,
 3857, 4282, 6661,
 3836, 4286, 6667,
 3946, 4290, 6673,
 4106, 4293, 6679,
 4275, 4297, 6685,
 4419, 4301, 6690,
 4479, 4304, 6696,
 4466, 4308, 6701,
 4407, 4311, 6706,
 4325, 4315, 6712,
 4234, 4318, 6717,
 4142, 4321, 6722,
 4056, 4324, 6726,
 3983, 4327, 6731,
 3931, 4330, 6736,
 6068, 4204, 7007,
 4351, 4207, 7011,
 3959, 4209, 7015,
 3921, 4211, 7018,
 4017, 4213, 7022,
 4164, 4216, 7026,
 4322, 4218, 7030,
 4455, 4220, 7033,
 4504, 4222, 7037,
 4483, 4224, 7040,
 4419, 4226, 7044,
 4333, 4228, 7047,
 4239, 4230, 7050,
 4145, 4232, 7053,
 4058, 4234, 7056,
 3984, 4235, 7059,
 3931, 4237, 7061,
 6309, 4140, 7360,
 4486, 4141, 7362,
 4060, 4142, 7364,
 4003, 4144, 7366,
 4085, 4145, 7368,
 4220, 4146, 7370,
 4368, 4147, 7372,
 4489, 4148, 7374,
 4527, 4149, 7375,
 4499, 4150, 7377,
 4430, 4151, 7379,
 4340, 4152, 7381,
 4244, 4152, 7382,
 4149, 4153, 7383,
 4060, 4154, 7385,
 3985, 4155, 7386,
 3931, 4155, 7388,
  385, 4095, 7735,
 4621, 4095, 7735,
 4160, 4095, 7735,
 4085, 4095, 7735,
 4152, 4095, 7735,
 4275, 4095, 7735,
 4412, 4095, 7735,
 4522, 4095, 7735,
 4549, 4095, 7735,
 4514, 4095, 7735,
 4439, 4095, 7735,
 4347, 4095, 7735,
 4249, 4095, 7735,
 4151, 4095, 7735,
 4062, 4095, 7735,
 3986, 4095, 7735,
 3931, 4095, 7735,
 3330, 1314,  131,
 2802, 1414,  141,
 2770, 1520,  152,
 2902, 1630,  163,
 3127, 1749,  175,
 3393, 1872,  187,
 3666, 2001,  200,
 3925, 2136,  214,
 4125, 2276,  228,
 4221, 2419,  242,
 4238, 2570,  257,
 4209, 2725,  272,
 4155, 2884,  288,
 4090, 3046,  305,
 4024, 3216,  322,
 3967, 3387,  339,
 3931, 3565,  356,
 3459, 1830,  366,
 2877, 1889,  378,
 2829, 1952,  390,
 2955, 2018,  404,
 3176, 2087,  417,
 3437, 2159,  432,
 3706, 2234,  447,
 3959, 2310,  462,
 4151, 2392,  478,
 4239, 2476,  495,
 4251, 2562,  512,
 4218, 2651,  530,
 4161, 2742,  548,
 4094, 2836,  567,
 4027, 2933,  587,
 3969, 3032,  606,
 3931, 3132,  626,
 3602, 2136,  641,
 2959, 2185,  655,
 2893, 2236,  671,
 3012, 2289,  687,
 3228, 2344,  703,
 3485, 2402,  721,
 3747, 2462,  739,
 3994, 2524,  757,
 4178, 2589,  777,
 4258, 2655,  796,
 4264, 2722,  817,
 4227, 2793,  838,
 4167, 2865,  859,
 4098, 2939,  882,
 4029, 3015,  904,
 3970, 3092,  928,
 3931, 3171,  951,
 3759, 2441,  977,
 3049, 2486,  995,
 2963, 2534, 1014,
 3074, 2583, 1033,
 3284, 2634, 1053,
 3535, 2687, 1075,
 3792, 2742, 1097,
 4032, 2798, 1119,
 4205, 2856, 1142,
 4277, 2917, 1167,
 4277, 2978, 1191,
 4236, 3041, 1216,
 4173, 3106, 1242,
 4102, 3171, 1269,
 4032, 3239, 1296,
 3971, 3308, 1323,
 3931, 3377, 1351,
 3927, 2791, 1396,
 3146, 2836, 1418,
 3038, 2882, 1441,
 3140, 2930, 1465,
 3344, 2979, 1490,
 3588, 3030, 1515,
 3837, 3083, 1541,
 4070, 3136, 1568,
 4233, 3190, 1595,
 4296, 3247, 1623,
 4291, 3304, 1652,
 4246, 3362, 1681,
 4180, 3421, 1710,
 4107, 3481, 1740,
 4035, 3541, 1770,
 3972, 3602, 1801,
 3931, 3664, 1832,
 4109, 3178, 1907,
 3249, 3220, 1932,
 3118, 3264, 1958,
 3210, 3310, 1986,
 3406, 3356, 2013,
 3642, 3403, 2042,
 3885, 3451, 2071,
 4109, 3501, 2101,
 4261, 3550, 2130,
 4316, 3601, 2161,
 4305, 3653, 2192,
 4255, 3705, 2223,
 4186, 3757, 2254,
 4111, 3810, 2286,
 4037, 3863, 2318,
 3974, 3917, 2350,
 3931, 3970, 2382,
 4300, 3564, 2495,
 3357, 3603, 2522,
 3202, 3643, 2550,
 3283, 3685, 2579,
 3470, 3726, 2608,
 3699, 3769, 2638,
 3934, 3812, 2668,
 4149, 3855, 2699,
 4290, 3899, 2730,
 4336, 3944, 2761,
 4319, 3989, 2792,
 4265, 4033, 2823,
 4193, 4078, 2855,
 4115, 4124, 2887,
 4040, 4169, 2918,
 3975, 4214, 2950,
 3931, 4259, 2981,
 4502, 3922, 3138,
 3472, 3957, 3166,
 3290, 3993, 3194,
 3358, 4028, 3222,
 3537, 4064, 3251,
 3757, 4100, 3280,
 3983, 4137, 3310,
 4190, 4173, 3339,
 4319, 4210, 3368,
 4356, 4247, 3398,
 4332, 4284, 3427,
 4274, 4321, 3457,
 4199, 4358, 3486,
 4119, 4394, 3515,
 4043, 4430, 3544,
 3976, 4465, 3572,
 3931, 4501, 3601,
 4715, 4212, 3791,
 3590, 4239, 3815,
 3382, 4265, 3839,
 3438, 4292, 3863,
 3606, 4319, 3887,
 3816, 4346, 3911,
 4034, 4373, 3935,
 4231, 4399, 3959,
 4348, 4426, 3983,
 4376, 4452, 4007,
 4346, 4478, 4030,
 4283, 4504, 4054,
 4206, 4529, 4076,
 4124, 4554, 4099,
 4045, 4579, 4121,
 3977, 4603, 4143,
 3931, 4627, 4165,
 4934, 4365, 4365,
 3715, 4383, 4383,
 3476, 4402, 4402,
 3518, 4420, 4420,
 3675, 4439, 4439,
 3876, 4457, 4457,
 4085, 4476, 4476,
 4271, 4494, 4494,
 4376, 4512, 4512,
 4395, 4530, 4530,
 4359, 4547, 4547,
 4293, 4565, 4565,
 4212, 4582, 4582,
 4128, 4599, 4599,
 4048, 4615, 4615,
 3979, 4632, 4632,
 3931, 4648, 4648,
 5161, 4411, 4852,
 3843, 4424, 4867,
 3573, 4437, 4880,
 3601, 4450, 4895,
 3747, 4462, 4908,
 3937, 4475, 4922,
 4135, 4487, 4936,
 4311, 4499, 4949,
 4404, 4512, 4963,
 4415, 4524, 4976,
 4372, 4536, 4989,
 4302, 4547, 5002,
 4218, 4559, 5015,
 4132, 4570, 5027,
 4050, 4581, 5039,
 3980, 4592, 5051,
 3931, 4603, 5063,
 5393, 4395, 5273,
 3974, 4403, 5284,
 3673, 4412, 5294,
 3684, 4421, 5305,
 3818, 4429, 5315,
 3997, 4438, 5325,
 4185, 4446, 5335,
 4351, 4454, 5345,
 4432, 4463, 5355,
 4434, 4471, 5365,
 4385, 4479, 5375,
 4310, 4487, 5384,
 4224, 4494, 5393,
 4136, 4502, 5402,
 4052, 4509, 5411,
 3981, 4517, 5420,
 3931, 4523, 5428,
 5630, 4343, 5646,
 4106, 4349, 5654,
 3774, 4355, 5662,
 3768, 4361, 5669,
 3889, 4367, 5677,
 4058, 4372, 5684,
 4235, 4378, 5691,
 4389, 4383, 5699,
 4458, 4389, 5706,
 4452, 4394, 5713,
 4398, 4400, 5720,
 4319, 4405, 5726,
 4230, 4410, 5733,
 4139, 4415, 5739,
 4055, 4420, 5746,
 3982, 4424, 5752,
 3931, 4429, 5758,
 5871, 4276, 5986,
 4241, 4280, 5992,
 3876, 4284, 5997,
 3852, 4287, 6002,
 3960, 4291, 6008,
 4116, 4295, 6013,
 4284, 4298, 6018,
 4426, 4302, 6023,
 4484, 4306, 6028,
 4469, 4309, 6033,
 4410, 4312, 6037,
 4327, 4316, 6042,
 4235, 4319, 6047,
 4143, 4322, 6051,
 4057, 4325, 6055,
 3983, 4328, 6059,
 3931, 4331, 6063,
 6113, 4205, 6308,
 4377, 4207, 6311,
 3977, 4210, 6315,
 3936, 4212, 6318,
 4029, 4214, 6321,
 4174, 4216, 6325,
 4331, 4219, 6328,
 4461, 4221, 6331,
 4508, 4223, 6334,
 4486, 4225, 6337,
 4421, 4227, 6340,
 4334, 4229, 6343,
 4240, 4231, 6346,
 4146, 4232, 6349,
 4059, 4234, 6351,
 3984, 4236, 6354,
 3931, 4238, 6356,
 6357, 4141, 6625,
 4512, 4142, 6627,
 4079, 4143, 6629,
 4019, 4144, 6631,
 4098, 4145, 6632,
 4231, 4146, 6634,
 4377, 4147, 6635,
 4495, 4148, 6637,
 4531, 4149, 6638,
 4501, 4150, 6640,
 4431, 4151, 6642,
 4342, 4152, 6643,
 4245, 4153, 6644,
 4149, 4153, 6645,
 4060, 4154, 6647,
 3985, 4155, 6648,
 3931, 4156, 6649,
  388, 4095, 6961,
 4646, 4095, 6961,
 4178, 4095, 6961,
 4099, 4095, 6961,
 4164, 4095, 6961,
 4285, 4095, 6961,
 4421, 4095, 6961,
 4527, 4095, 6961,
 4554, 4095, 6961,
 4516, 4095, 6961,
 4441, 4095, 6961,
 4348, 4095, 6961,
 4249, 4095, 6961,
 4152, 4095, 6961,
 4062, 4095, 6961,
 3986, 4095, 6961,
 3931, 4095, 6961,
 3352, 1351,  123,
 2816, 1453,  132,
 2781, 1561,  142,
 2912, 1674,  152,
 3136, 1795,  163,
 3401, 1920,  175,
 3673, 2051,  186,
 3931, 2187,  199,
 4130, 2328,  212,
 4224, 2474,  225,
 4241, 2625,  239,
 4211, 2782,  253,
 4156, 2943,  268,
 4090, 3109,  283,
 4025, 3277,  298,
 3968, 3453,  314,
 3931, 3631,  330,
 3486, 1852,  337,
 2891, 1911,  348,
 2840, 1976,  359,
 2965, 2042,  371,
 3185, 2113,  384,
 3446, 2186,  398,
 3713, 2262,  411,
 3965, 2341,  426,
 4156, 2423,  441,
 4242, 2507,  456,
 4253, 2595,  472,
 4219, 2685,  488,
 4162, 2777,  505,
 4095, 2871,  522,
 4027, 2969,  540,
 3969, 3069,  558,
 3931, 3170,  576,
 3630, 2154,  587,
 2975, 2203,  601,
 2906, 2255,  615,
 3024, 2309,  630,
 3238, 2365,  645,
 3494, 2424,  661,
 3756, 2485,  678,
 4001, 2547,  695,
 4183, 2612,  712,
 4261, 2679,  731,
 4266, 2748,  750,
 4229, 2819,  769,
 4168, 2892,  789,
 4099, 2966,  809,
 4030, 3043,  830,
 3970, 3121,  851,
 3931, 3200,  873,
 3788, 2458,  894,
 3066, 2503,  910,
 2977, 2552,  928,
 3086, 2602,  946,
 3295, 2653,  965,
 3544, 2707,  984,
 3800, 2762, 1004,
 4039, 2819, 1025,
 4210, 2878, 1047,
 4280, 2939, 1069,
 4280, 3001, 1091,
 4238, 3065, 1114,
 4174, 3130, 1138,
 4103, 3196, 1162,
 4033, 3264, 1187,
 3971, 3333, 1212,
 3931, 3403, 1237,
 3959, 2808, 1276,
 3164, 2853, 1297,
 3053, 2899, 1318,
 3153, 2948, 1340,
 3355, 2998, 1363,
 3598, 3050, 1386,
 3846, 3102, 1410,
 4077, 3156, 1435,
 4238, 3211, 1460,
 4300, 3267, 1485,
 4293, 3325, 1511,
 4247, 3383, 1538,
 4181, 3442, 1565,
 4107, 3503, 1592,
 4035, 3563, 1620,
 3973, 3625, 1648,
 3931, 3687, 1676,
 4144, 3193, 1742,
 3268, 3236, 1765,
 3133, 3280, 1789,
 3223, 3326, 1814,
 3418, 3373, 1840,
 3653, 3421, 1866,
 3894, 3469, 1892,
 4117, 3519, 1919,
 4267, 3569, 1947,
 4320, 3620, 1975,
 4307, 3671, 2003,
 4257, 3724, 2031,
 4188, 3776, 2060,
 4112, 3829, 2089,
 4038, 3882, 2118,
 3974, 3936, 2147,
 3931, 3990, 2176,
 4337, 3578, 2277,
 3378, 3618, 2302,
 3218, 3658, 2328,
 3297, 3700, 2354,
 3483, 3742, 2381,
 3710, 3784, 2408,
 3943, 3828, 2436,
 4157, 3871, 2464,
 4296, 3916, 2492,
 4340, 3960, 2520,
 4321, 4005, 2549,
 4266, 4050, 2577,
 4194, 4095, 2606,
 4116, 4140, 2635,
 4040, 4185, 2663,
 3975, 4230, 2692,
 3931, 4275, 2721,
 4542, 3935, 2862,
 3494, 3970, 2887,
 3307, 4005, 2913,
 3374, 4041, 2939,
 3550, 4077, 2965,
 3768, 4114, 2992,
 3993, 4150, 3019,
 4198, 4187, 3045,
 4325, 4224, 3072,
 4360, 4261, 3099,
 4335, 4298, 3126,
 4276, 4334, 3152,
 4200, 4371, 3179,
 4120, 4407, 3205,
 4043, 4443, 3231,
 3976, 4479, 3257,
 3931, 4514, 3283,
 4756, 4222, 3454,
 3614, 4248, 3476,
 3399, 4275, 3498,
 3452, 4302, 3520,
 3619, 4329, 3542,
 3828, 4356, 3564,
 4043, 4382, 3586,
 4238, 4409, 3607,
 4353, 4436, 3629,
 4380, 4462, 3650,
 4348, 4487, 3672,
 4285, 4513, 3693,
 4207, 4539, 3713,
 4124, 4564, 3734,
 4046, 4588, 3754,
 3978, 4612, 3774,
 3931, 4636, 3793,
 4976, 4371, 3974,
 3739, 4390, 3991,
 3494, 4408, 4008,
 3534, 4427, 4025,
 3689, 4446, 4042,
 3888, 4464, 4058,
 4094, 4482, 4075,
 4279, 4500, 4091,
 4382, 4518, 4108,
 4399, 4536, 4124,
 4362, 4554, 4140,
 4294, 4571, 4156,
 4213, 4588, 4171,
 4128, 4605, 4186,
 4048, 4621, 4201,
 3979, 4638, 4216,
 3931, 4653, 4230,
 5205, 4416, 4416,
 3867, 4429, 4429,
 3592, 4441, 4441,
 3616, 4454, 4454,
 3760, 4467, 4467,
 3948, 4479, 4479,
 4144, 4492, 4492,
 4319, 4504, 4504,
 4410, 4516, 4516,
 4418, 4528, 4528,
 4375, 4540, 4540,
 4303, 4552, 4552,
 4219, 4563, 4563,
 4132, 4574, 4574,
 4050, 4585, 4585,
 3980, 4596, 4596,
 3931, 4606, 4606,
 5437, 4398, 4798,
 3998, 4406, 4807,
 3691, 4415, 4816,
 3700, 4424, 4826,
 3831, 4432, 4835,
 4009, 4441, 4845,
 4195, 4449, 4854,
 4358, 4457, 4863,
 4437, 4466, 4872,
 4437, 4474, 4881,
 4387, 4482, 4889,
 4312, 4490, 4898,
 4225, 4497, 4906,
 4136, 4505, 4914,
 4053, 4512, 4922,
 3981, 4519, 4930,
 3931, 4526, 4937,
 5674, 4345, 5136,
 4131, 4351, 5142,
 3793, 4357, 5149,
 3784, 4363, 5156,
 3902, 4369, 5163,
 4068, 4374, 5170,
 4244, 4380, 5176,
 4396, 4386, 5183,
 4463, 4391, 5189,
 4455, 4396, 5196,
 4400, 4402, 5202,
 4320, 4407, 5208,
 4231, 4412, 5214,
 4140, 4417, 5220,
 4055, 4422, 5225,
 3982, 4426, 5231,
 3931, 4431, 5236,
 5916, 4277, 5444,
 4267, 4281, 5449,
 3894, 4285, 5454,
 3868, 4289, 5458,
 3973, 4293, 5463,
 4127, 4296, 5468,
 4292, 4300, 5473,
 4433, 4303, 5477,
 4488, 4307, 5482,
 4472, 4310, 5486,
 4412, 4314, 5490,
 4328, 4317, 5494,
 4236, 4320, 5498,
 4143, 4323, 5502,
 4057, 4326, 5506,
 3983, 4329, 5510,
 3931, 4332, 5513,
 6158, 4206, 5735,
 4402, 4208, 5738,
 3996, 4210, 5742,
 3952, 4213, 5745,
 4042, 4215, 5748,
 4185, 4217, 5751,
 4340, 4219, 5754,
 4467, 4222, 5757,
 4513, 4224, 5759,
 4489, 4226, 5762,
 4423, 4228, 5765,
 4336, 4229, 5767,
 4241, 4231, 5770,
 4147, 4233, 5772,
 4059, 4235, 5775,
 3984, 4236, 5777,
 3931, 4238, 5779,
 6400, 4141, 6023,
 4537, 4142, 6025,
 4098, 4143, 6027,
 4034, 4144, 6028,
 4110, 4145, 6030,
 4241, 4146, 6031,
 4385, 4147, 6033,
 4501, 4148, 6034,
 4536, 4149, 6035,
 4504, 4150, 6037,
 4433, 4151, 6038,
 4343, 4152, 6039,
 4246, 4153, 6041,
 4150, 4154, 6042,
 4061, 4155, 6043,
 3985, 4155, 6044,
 3931, 4156, 6045,
  391, 4095, 6329,
 4670, 4095, 6329,
 4197, 4095, 6329,
 4114, 4095, 6329,
 4176, 4095, 6329,
 4295, 4095, 6329,
 4429, 4095, 6329,
 4533, 4095, 6329,
 4557, 4095, 6329,
 4519, 4095, 6329,
 4443, 4095, 6329,
 4350, 4095, 6329,
 4250, 4095, 6329,
 4152, 4095, 6329,
 4062, 4095, 6329,
 3986, 4095, 6329,
 3931, 4095, 6329,
 3375, 1385,  115,
 2830, 1492,  124,
 2791, 1602,  133,
 2921, 1717,  143,
 3145, 1839,  153,
 3409, 1967,  164,
 3680, 2099,  175,
 3937, 2238,  187,
 4135, 2381,  198,
 4227, 2530,  211,
 4243, 2683,  224,
 4212, 2841,  237,
 4157, 3003,  250,
 4091, 3171,  264,
 4025, 3342,  279,
 3968, 3517,  293,
 3931, 3696,  308,
 3510, 1873,  312,
 2906, 1935,  322,
 2852, 2000,  333,
 2976, 2068,  345,
 3195, 2139,  357,
 3454, 2214,  369,
 3721, 2291,  382,
 3972, 2370,  395,
 4161, 2453,  409,
 4246, 2539,  423,
 4256, 2626,  438,
 4221, 2718,  453,
 4163, 2811,  468,
 4095, 2907,  485,
 4028, 3005,  501,
 3969, 3106,  518,
 3931, 3209,  535,
 3659, 2172,  543,
 2992, 2222,  555,
 2919, 2275,  569,
 3035, 2329,  582,
 3249, 2387,  597,
 3503, 2446,  611,
 3764, 2507,  627,
 4008, 2570,  643,
 4188, 2637,  659,
 4265, 2704,  676,
 4269, 2774,  693,
 4230, 2846,  711,
 4169, 2919,  730,
 4100, 2994,  749,
 4030, 3071,  768,
 3970, 3150,  787,
 3931, 3230,  807,
 3819, 2474,  825,
 3084, 2521,  840,
 2991, 2570,  857,
 3098, 2620,  873,
 3306, 2673,  891,
 3554, 2727,  909,
 3809, 2783,  928,
 4046, 2841,  947,
 4215, 2900,  967,
 4284, 2961,  987,
 4282, 3024, 1008,
 4240, 3088, 1029,
 4176, 3154, 1051,
 4104, 3221, 1074,
 4033, 3289, 1096,
 3972, 3358, 1119,
 3931, 3428, 1143,
 3993, 2824, 1177,
 3183, 2870, 1196,
 3067, 2917, 1216,
 3166, 2966, 1236,
 3367, 3016, 1257,
 3608, 3068, 1278,
 3855, 3121, 1301,
 4084, 3176, 1323,
 4244, 3232, 1347,
 4304, 3288, 1370,
 4296, 3346, 1394,
 4249, 3405, 1419,
 4182, 3464, 1444,
 4108, 3525, 1469,
 4036, 3586, 1494,
 3973, 3648, 1520,
 3931, 3710, 1546,
 4180, 3209, 1604,
 3288, 3252, 1626,
 3148, 3297, 1649,
 3237, 3343, 1672,
 3429, 3390, 1695,
 3663, 3438, 1719,
 3903, 3487, 1744,
 4124, 3537, 1768,
 4272, 3588, 1794,
 4324, 3639, 1819,
 4310, 3691, 1845,
 4259, 3743, 1872,
 4189, 3796, 1898,
 4112, 3849, 1924,
 4038, 3902, 1951,
 3974, 3956, 1978,
 3931, 4010, 2005,
 4376, 3593, 2096,
 3399, 3633, 2119,
 3234, 3673, 2143,
 3311, 3715, 2167,
 3495, 3757, 2192,
 3721, 3800, 2217,
 3952, 3844, 2242,
 4164, 3888, 2268,
 4301, 3932, 2293,
 4344, 3977, 2320,
 4323, 4021, 2346,
 4268, 4067, 2372,
 4195, 4112, 2398,
 4117, 4157, 2425,
 4041, 4202, 2451,
 3975, 4247, 2477,
 3931, 4292, 2503,
 4581, 3948, 2632,
 3516, 3983, 2655,
 3324, 4018, 2679,
 3388, 4054, 2703,
 3563, 4090, 2727,
 3779, 4127, 2751,
 4002, 4163, 2776,
 4205, 4200, 2800,
 4330, 4237, 2825,
 4364, 4274, 2850,
 4337, 4311, 2874,
 4278, 4348, 2899,
 4202, 4384, 2923,
 4121, 4421, 2947,
 4043, 4456, 2971,
 3977, 4491, 2994,
 3931, 4526, 3017,
 4795, 4232, 3174,
 3637, 4258, 3194,
 3416, 4285, 3214,
 3467, 4312, 3234,
 3632, 4339, 3254,
 3839, 4365, 3274,
 4053, 4392, 3294,
 4246, 4419, 3314,
 4358, 4445, 3334,
 4383, 4471, 3353,
 4351, 4497, 3373,
 4287, 4523, 3392,
 4208, 4548, 3411,
 4125, 4573, 3430,
 4046, 4597, 3448,
 3978, 4621, 3466,
 3931, 4644, 3483,
 5017, 4378, 3648,
 3762, 4397, 3664,
 3512, 4415, 3679,
 3549, 4434, 3695,
 3702, 4452, 3710,
 3899, 4471, 3725,
 4103, 4489, 3741,
 4286, 4507, 3756,
 4387, 4525, 3771,
 4403, 4543, 3786,
 4364, 4560, 3800,
 4296, 4577, 3814,
 4214, 4594, 3829,
 4129, 4611, 3842,
 4049, 4627, 3856,
 3979, 4643, 3869,
 3931, 4659, 3883,
 5246, 4421, 4052,
 3891, 4433, 4064,
 3610, 4446, 4076,
 3632, 4459, 4087,
 3773, 4471, 4099,
 3959, 4484, 4110,
 4154, 4496, 4121,
 4326, 4508, 4133,
 4415, 4520, 4144,
 4422, 4532, 4155,
 4377, 4544, 4166,
 4305, 4556, 4176,
 4220, 4567, 4187,
 4133, 4578, 4197,
 4051, 4589, 4207,
 3980, 4600, 4216,
 3931, 4610, 4226,
 5481, 4401, 4401,
 4023, 4410, 4410,
 3710, 4418, 4418,
 3716, 4427, 4427,
 3844, 4435, 4435,
 4020, 4444, 4444,
 4204, 4452, 4452,
 4365, 4461, 4461,
 4442, 4469, 4469,
 4440, 4477, 4477,
 4390, 4485, 4485,
 4314, 4492, 4492,
 4226, 4500, 4500,
 4137, 4507, 4507,
 4053, 4515, 4515,
 3981, 4522, 4522,
 3931, 4529, 4529,
 5719, 4348, 4710,
 4156, 4353, 4716,
 3811, 4359, 4723,
 3800, 4365, 4729,
 3915, 4371, 4735,
 4080, 4376, 4741,
 4253, 4382, 4747,
 4403, 4388, 4753,
 4468, 4393, 4759,
 4458, 4398, 4765,
 4402, 4404, 4771,
 4322, 4409, 4776,
 4232, 4414, 4781,
 4141, 4419, 4787,
 4055, 4423, 4792,
 3982, 4428, 4797,
 3931, 4432, 4802,
 5961, 4279, 4992,
 4291, 4283, 4996,
 3913, 4286, 5001,
 3884, 4290, 5005,
 3986, 4294, 5010,
 4138, 4298, 5014,
 4301, 4301, 5018,
 4439, 4305, 5022,
 4493, 4308, 5026,
 4475, 4312, 5030,
 4414, 4315, 5034,
 4330, 4318, 5038,
 4237, 4321, 5042,
 4144, 4324, 5045,
 4057, 4327, 5049,
 3983, 4330, 5052,
 3931, 4333, 5055,
 6203, 4207, 5258,
 4427, 4209, 5261,
 4015, 4211, 5264,
 3967, 4214, 5267,
 4055, 4216, 5270,
 4196, 4218, 5273,
 4348, 4220, 5275,
 4474, 4222, 5278,
 4517, 4224, 5280,
 4492, 4226, 5283,
 4425, 4228, 5285,
 4337, 4230, 5288,
 4242, 4232, 5290,
 4147, 4234, 5292,
 4059, 4235, 5294,
 3984, 4237, 5296,
 3931, 4239, 5298,
 6447, 4141, 5522,
 4562, 4142, 5523,
 4116, 4144, 5525,
 4049, 4145, 5526,
 4123, 4146, 5528,
 4251, 4147, 5529,
 4393, 4148, 5530,
 4507, 4149, 5532,
 4540, 4150, 5533,
 4507, 4151, 5534,
 4435, 4152, 5536,
 4344, 4152, 5537,
 4247, 4153, 5538,
 4150, 4154, 5539,
 4061, 4155, 5540,
 3985, 4155, 5541,
 3931, 4156, 5542,
  393, 4095, 5801,
 4695, 4095, 5801,
 4215, 4095, 5801,
 4129, 4095, 5801,
 4188, 4095, 5801,
 4305, 4095, 5801,
 4436, 4095, 5801,
 4539, 4095, 5801,
 4561, 4095, 5801,
 4521, 4095, 5801,
 4445, 4095, 5801,
 4351, 4095, 5801,
 4251, 4095, 5801,
 4153, 4095, 5801,
 4063, 4095, 5801,
 3986, 4095, 5801,
 3931, 4095, 5801,
  200, 1424,  110,
 2843, 1531,  118,
 2802, 1643,  126,
 2931, 1763,  136,
 3154, 1885,  145,
 3417, 2016,  155,
 3688, 2149,  165,
 3944, 2291,  176,
 4140, 2435,  187,
 4231, 2585,  199,
 4245, 2740,  211,
 4214, 2900,  223,
 4158, 3064,  236,
 4092, 3233,  249,
 4026, 3405,  262,
 3968, 3583,  276,
 3931,  221,  290,
 3537, 1896,  292,
 2922, 1959,  301,
 2864, 2024,  311,
 2987, 2094,  322,
 3204, 2166,  333,
 3463, 2241,  345,
 3729, 2319,  357,
 3978, 2401,  369,
 4166, 2484,  382,
 4249, 2571,  395,
 4258, 2660,  409,
 4223, 2752,  423,
 4164, 2846,  438,
 4096, 2943,  453,
 4028, 3042,  468,
 3969, 3143,  484,
 3931, 3247,  500,
 3689, 2190,  505,
 3009, 2241,  517,
 2932, 2295,  530,
 3046, 2350,  542,
 3259, 2408,  556,
 3512, 2468,  570,
 3772, 2530,  584,
 4015, 2594,  599,
 4193, 2661,  614,
 4268, 2730,  630,
 4271, 2800,  646,
 4232, 2872,  663,
 4171, 2946,  680,
 4100, 3023,  698,
 4031, 3100,  715,
 3971, 3179,  734,
 3931, 3259,  752,
 3851, 2491,  767,
 3102, 2539,  781,
 3005, 2588,  796,
 3111, 2639,  812,
 3317, 2693,  828,
 3564, 2747,  845,
 3817, 2804,  863,
 4053, 2862,  881,
 4220, 2922,  899,
 4288, 2984,  918,
 4285, 3047,  938,
 4241, 3112,  958,
 4177, 3178,  978,
 4105, 3246,  999,
 4033, 3314, 1020,
 3972, 3384, 1041,
 3931, 3455, 1063,
 4026, 2841, 1093,
 3202, 2887, 1110,
 3082, 2935, 1129,
 3179, 2984, 1148,
 3378, 3035, 1167,
 3618, 3088, 1188,
 3864, 3141, 1208,
 4092, 3196, 1229,
 4249, 3252, 1251,
 4307, 3309, 1273,
 4299, 3368, 1295,
 4251, 3426, 1318,
 4183, 3487, 1341,
 4109, 3547, 1364,
 4036, 3609, 1388,
 3973, 3670, 1412,
 3931, 3733, 1436,
 4214, 3225, 1488,
 3309, 3269, 1509,
 3164, 3314, 1530,
 3250, 3360, 1551,
 3441, 3408, 1573,
 3674, 3456, 1595,
 3912, 3505, 1618,
 4132, 3556, 1641,
 4278, 3607, 1665,
 4327, 3658, 1688,
 4312, 3710, 1712,
 4260, 3762, 1736,
 4190, 3815, 1761,
 4113, 3868, 1785,
 4039, 3922, 1810,
 3974, 3975, 1835,
 3931, 4029, 1860,
 4413, 3607, 1942,
 3421, 3648, 1964,
 3251, 3689, 1986,
 3325, 3730, 2009,
 3507, 3773, 2032,
 3731, 3816, 2055,
 3961, 3860, 2078,
 4172, 3904, 2102,
 4306, 3948, 2126,
 4347, 3993, 2150,
 4326, 4038, 2174,
 4270, 4083, 2199,
 4196, 4128, 2223,
 4118, 4173, 2247,
 4041, 4218, 2271,
 3976, 4263, 2296,
 3931, 4308, 2320,
 4620, 3961, 2437,
 3539, 3996, 2459,
 3340, 4031, 2481,
 3403, 4068, 2503,
 3575, 4104, 2525,
 3790, 4140, 2548,
 4011, 4177, 2570,
 4213, 4214, 2593,
 4335, 4251, 2616,
 4367, 4288, 2639,
 4340, 4325, 2661,
 4279, 4361, 2684,
 4203, 4398, 2706,
 4122, 4434, 2729,
 4044, 4469, 2750,
 3977, 4504, 2772,
 3931, 4539, 2793,
 4837, 4241, 2936,
 3660, 4268, 2955,
 3434, 4295, 2973,
 3482, 4322, 2992,
 3645, 4349, 3011,
 3850, 4375, 3029,
 4062, 4402, 3047,
 4254, 4428, 3066,
 4364, 4455, 3084,
 4387, 4481, 3102,
 4353, 4507, 3120,
 4289, 4532, 3137,
 4209, 4557, 3155,
 4126, 4582, 3172,
 4046, 4606, 3189,
 3978, 4630, 3205,
 3931, 4653, 3221,
 5060, 4385, 3373,
 3786, 4403, 3387,
 3530, 4422, 3402,
 3564, 4440, 3416,
 3715, 4459, 3430,
 3910, 4477, 3444,
 4113, 4495, 3458,
 4294, 4514, 3472,
 4392, 4531, 3486,
 4406, 4549, 3499,
 4367, 4567, 3513,
 4298, 4584, 3526,
 4215, 4601, 3539,
 4130, 4617, 3552,
 4049, 4633, 3564,
 3979, 4649, 3576,
 3931, 4664, 3588,
 5291, 4425, 3745,
 3916, 4438, 3755,
 3628, 4451, 3766,
 3647, 4463, 3777,
 3786, 4476, 3787,
 3971, 4488, 3798,
 4163, 4501, 3808,
 4333, 4513, 3819,
 4420, 4525, 3829,
 4425, 4537, 3839,
 4380, 4548, 3849,
 4307, 4560, 3858,
 4221, 4571, 3868,
 4134, 4582, 3877,
 4051, 4593, 3886,
 3980, 4604, 3895,
 3931, 4614, 3904,
 5525, 4404, 4065,
 4048, 4413, 4073,
 3729, 4421, 4081,
 3731, 4430, 4089,
 3857, 4439, 4097,
 4031, 4447, 4105,
 4213, 4455, 4113,
 4372, 4464, 4120,
 4447, 4472, 4128,
 4444, 4480, 4135,
 4392, 4487, 4142,
 4315, 4495, 4149,
 4227, 4503, 4156,
 4138, 4510, 4163,
 4054, 4517, 4170,
 3981, 4524, 4176,
 3931, 4531, 4182,
  339, 4350, 4350,
 4182, 4356, 4356,
 3830, 4361, 4361,
 3815, 4367, 4367,
 3929, 4373, 4373,
 4090, 4379, 4379,
 4262, 4384, 4384,
 4410, 4390, 4390,
 4473, 4395, 4395,
 4461, 4400, 4400,
 4404, 4405, 4405,
 4323, 4411, 4411,
 4233, 4416, 4416,
 4141, 4420, 4420,
 4056, 4425, 4425,
 3983, 4429, 4429,
 3931, 4434, 4434,
 6005, 4280, 4609,
 4317, 4284, 4614,
 3932, 4288, 4618,
 3899, 4292, 4622,
 3999, 4295, 4626,
 4149, 4299, 4630,
 4310, 4302, 4633,
 4446, 4306, 4637,
 4498, 4309, 4641,
 4478, 4313, 4645,
 4416, 4316, 4648,
 4331, 4319, 4652,
 4238, 4322, 4655,
 4145, 4326, 4658,
 4058, 4328, 4661,
 3983, 4331, 4664,
 3931, 4334, 4667,
 6248, 4208, 4855,
 4452, 4210, 4857,
 4034, 4212, 4860,
 3982, 4214, 4863,
 4068, 4217, 4865,
 4206, 4219, 4868,
 4357, 4221, 4870,
 4481, 4223, 4873,
 4522, 4225, 4875,
 4495, 4227, 4877,
 4427, 4229, 4880,
 4339, 4231, 4882,
 4243, 4233, 4884,
 4148, 4234, 4886,
 4060, 4236, 4888,
 3984, 4238, 4890,
 3931, 4239, 4891,
 6490, 4142, 5098,
 4587, 4143, 5099,
 4135, 4144, 5100,
 4064, 4145, 5102,
 4135, 4146, 5103,
 4262, 4147, 5104,
 4402, 4148, 5105,
 4513, 4149, 5107,
 4544, 4150, 5108,
 4510, 4151, 5109,
 4437, 4152, 5110,
 4346, 4153, 5111,
 4247, 4154, 5112,
 4151, 4154, 5113,
 4061, 4155, 5114,
 3985, 4156, 5115,
 3931, 4156, 5116,
  396, 4095, 5355,
 4720, 4095, 5355,
 4233, 4095, 5355,
 4144, 4095, 5355,
 4200, 4095, 5355,
 4315, 4095, 5355,
 4444, 4095, 5355,
 4544, 4095, 5355,
 4565, 4095, 5355,
 4524, 4095, 5355,
 4446, 4095, 5355,
 4352, 4095, 5355,
 4252, 4095, 5355,
 4153, 4095, 5355,
 4063, 4095, 5355,
 3986, 4095, 5355,
 3931, 4095, 5355,
 3424, 1462,  104,
 2857, 1570,  112,
 2813, 1686,  120,
 2941, 1807,  129,
 3163, 1932,  138,
 3425, 2064,  147,
 3695, 2201,  157,
 3950, 2342,  167,
 4145, 2489,  178,
 4234, 2642,  189,
 4248, 2798,  200,
 4215, 2960,  211,
 4159, 3125,  223,
 4093, 3296,  235,
 4026, 3470,  248,
 3968, 3649,  261,
 3931, 3833,  274,
 3565, 1918,  274,
 2937, 1982,  283,
 2876, 2050,  293,
 2998, 2120,  303,
 3214, 2193,  313,
 3472, 2270,  324,
 3737, 2349,  336,
 3985, 2431,  347,
 4171, 2516,  359,
 4253, 2603,  372,
 4261, 2693,  385,
 4225, 2786,  398,
 4165, 2881,  412,
 4097, 2979,  426,
 4029, 3078,  440,
 3970, 3181,  454,
 3931, 3285,  469,
 3718, 2209,  473,
 3026, 2260,  484,
 2945, 2315,  496,
 3058, 2371,  508,
 3270, 2430,  521,
 3522, 2491,  534,
 3780, 2554,  547,
 4022, 2619,  561,
 4198, 2686,  576,
 4272, 2755,  590,
 4274, 2826,  606,
 4234, 2899,  621,
 4172, 2974,  637,
 4101, 3051,  654,
 4031, 3129,  670,
 3971, 3209,  688,
 3931, 3290,  705,
 3883, 2508,  717,
 3120, 2557,  730,
 3018, 2607,  745,
 3123, 2659,  760,
 3328, 2712,  775,
 3574, 2768,  791,
 3826, 2825,  807,
 4060, 2884,  824,
 4226, 2945,  841,
 4291, 3007,  859,
 4287, 3071,  877,
 4243, 3136,  896,
 4178, 3202,  915,
 4105, 3271,  934,
 4034, 3340,  954,
 3972, 3410,  974,
 3931, 3481,  995,
 4063, 2858, 1021,
 3221, 2904, 1037,
 3097, 2953, 1055,
 3192, 3003, 1072,
 3390, 3055, 1091,
 3628, 3107, 1110,
 3873, 3162, 1129,
 4099, 3216, 1149,
 4254, 3273, 1169,
 4311, 3330, 1189,
 4301, 3389, 1210,
 4253, 3448, 1232,
 4185, 3509, 1253,
 4110, 3569, 1275,
 4037, 3631, 1297,
 3973, 3693, 1319,
 3931, 3756, 1341,
 4252, 3241, 1389,
 3329, 3285, 1408,
 3180, 3331, 1428,
 3264, 3378, 1448,
 3454, 3426, 1468,
 3684, 3474, 1489,
 3921, 3524, 1510,
 4139, 3574, 1532,
 4283, 3625, 1554,
 4331, 3677, 1576,
 4315, 3729, 1598,
 4262, 3782, 1621,
 4191, 3835, 1644,
 4114, 3888, 1666,
 4039, 3941, 1689,
 3975, 3995, 1712,
 3931, 4049, 1735,
 4451, 3622, 1811,
 3443, 3662, 1831,
 3267, 3704, 1852,
 3339, 3746, 1873,
 3520, 3789, 1894,
 3742, 3832, 1916,
 3971, 3876, 1938,
 4180, 3920, 1960,
 4312, 3965, 1982,
 4351, 4009, 2005,
 4329, 4054, 2027,
 4272, 4100, 2050,
 4198, 4145, 2072,
 4118, 4190, 2095,
 4042, 4235, 2118,
 3976, 4280, 2140,
 3931, 4324, 2162,
 4660, 3973, 2271,
 3561, 4009, 2291,
 3358, 4045, 2311,
 3417, 4081, 2332,
 3588, 4117, 2353,
 3801, 4154, 2374,
 4021, 4191, 2395,
 4220, 4227, 2416,
 4340, 4264, 2437,
 4371, 4301, 2458,
 4342, 4338, 2479,
 4281, 4375, 2500,
 4204, 4411, 2521,
 4122, 4447, 2541,
 4044, 4482, 2561,
 3977, 4517, 2581,
 3931, 4551, 2600,
 4878, 4251, 2733,
 3684, 4278, 2750,
 3452, 4305, 2767,
 3498, 4332, 2785,
 3658, 4358, 2802,
 3861, 4385, 2819,
 4071, 4411, 2836,
 4261, 4438, 2853,
 4369, 4464, 2870,
 4391, 4490, 2887,
 4356, 4516, 2903,
 4290, 4541, 2919,
 4210, 4566, 2935,
 4127, 4591, 2951,
 4047, 4615, 2967,
 3978, 4638, 2982,
 3931, 4661, 2997,
 5103, 4392, 3137,
 3810, 4410, 3150,
 3549, 4429, 3163,
 3579, 4447, 3177,
 3728, 4466, 3190,
 3922, 4484, 3203,
 4122, 4502, 3216,
 4301, 4520, 3229,
 4397, 4538, 3241,
 4410, 4555, 3254,
 4369, 4573, 3266,
 4299, 4590, 3278,
 4217, 4607, 3290,
 4131, 4623, 3302,
 4049, 4639, 3314,
 3980, 4655, 3325,
 3931, 4670, 3336,
 5334, 4430, 3481,
 3940, 4443, 3491,
 3648, 4455, 3501,
 3663, 4468, 3511,
 3800, 4480, 3520,
 3982, 4493, 3530,
 4173, 4505, 3540,
 4340, 4517, 3549,
 4425, 4529, 3559,
 4429, 4541, 3568,
 4382, 4553, 3577,
 4308, 4564, 3586,
 4222, 4575, 3595,
 4135, 4586, 3604,
 4052, 4597, 3612,
 3981, 4607, 3620,
 3931, 4617, 3628,
 5569, 4407, 3778,
 4072, 4416, 3785,
 3748, 4425, 3793,
 3747, 4433, 3800,
 3871, 4442, 3807,
 4042, 4450, 3814,
 4222, 4458, 3821,
 4379, 4466, 3828,
 4452, 4475, 3835,
 4447, 4483, 3842,
 4394, 4490, 3849,
 4317, 4498, 3855,
 4228, 4505, 3862,
 4138, 4513, 3868,
 4054, 4520, 3874,
 3982, 4527, 3880,
 3931, 4533, 3886,
 5810, 4352, 4041,
 4207, 4358, 4046,
 3850, 4364, 4052,
 3831, 4369, 4057,
 3942, 4375, 4062,
 4102, 4381, 4068,
 4271, 4386, 4073,
 4416, 4392, 4078,
 4477, 4397, 4083,
 4465, 4402, 4088,
 4407, 4407, 4093,
 4325, 4412, 4097,
 4234, 4417, 4102,
 4142, 4422, 4106,
 4056, 4427, 4110,
 3983, 4431, 4115,
 3931, 4435, 4119,
 6051, 4282, 4282,
 4342, 4285, 4285,
 3951, 4289, 4289,
 3915, 4293, 4293,
 4012, 4297, 4297,
 4160, 4300, 4300,
 4319, 4304, 4304,
 4452, 4307, 4307,
 4502, 4311, 4311,
 4481, 4314, 4314,
 4418, 4317, 4317,
 4333, 4321, 4321,
 4239, 4324, 4324,
 4145, 4327, 4327,
 4058, 4330, 4330,
 3984, 4332, 4332,
 3931, 4335, 4335,
 6293, 4208, 4509,
 4478, 4211, 4512,
 4053, 4213, 4514,
 3998, 4215, 4516,
 4081, 4218, 4519,
 4217, 4220, 4521,
 4365, 4222, 4523,
 4487, 4224, 4525,
 4526, 4226, 4528,
 4498, 4228, 4530,
 4429, 4230, 4532,
 4340, 4231, 4534,
 4244, 4233, 4536,
 4148, 4235, 4537,
 4060, 4237, 4539,
 3985, 4238, 4541,
 3931, 4240, 4543,
 6536, 4142, 4734,
 4612, 4143, 4735,
 4153, 4145, 4737,
 4079, 4146, 4738,
 4148, 4147, 4739,
 4272, 4148, 4740,
 4410, 4148, 4741,
 4519, 4149, 4742,
 4548, 4150, 4743,
 4512, 4151, 4744,
 4439, 4152, 4745,
 4347, 4153, 4746,
 4248, 4154, 4747,
 4151, 4155, 4748,
 4062, 4155, 4749,
 3985, 4156, 4750,
 3931, 4157, 4750,
  399, 4095, 4973,
 4744, 4095, 4973,
 4252, 4095, 4973,
 4158, 4095, 4973,
 4212, 4095, 4973,
 4324, 4095, 4973,
 4452, 4095, 4973,
 4550, 4095, 4973,
 4569, 4095, 4973,
 4526, 4095, 4973,
 4448, 4095, 4973,
 4353, 4095, 4973,
 4252, 4095, 4973,
 4154, 4095, 4973,
 4063, 4095, 4973,
 3986, 4095, 4973,
 3931, 4095, 4973,
 3449, 1502,  100,
 2871, 1613,  108,
 2825, 1730,  115,
 2951, 1852,  123,
 3172, 1980,  132,
 3434, 2114,  141,
 3703, 2251,  150,
 3956, 2396,  160,
 4149, 2545,  170,
 4238, 2699,  180,
 4250,  168,  190,
 4217,  178,  201,
 4160,  187,  212,
 4094,  198,  224,
 4027,  208,  236,
 3969, 3715,  248,
 3931, 3898,  260,
 3592, 1941,  259,
 2953, 2006,  268,
 2889, 2075,  277,
 3009, 2147,  286,
 3224, 2221,  296,
 3481, 2299,  306,
 3745, 2378,  317,
 3992, 2461,  328,
 4176, 2547,  340,
 4256, 2636,  351,
 4263, 2727,  364,
 4226, 2821,  376,
 4167, 2917,  389,
 4098, 3015,  402,
 4029, 3116,  415,
 3970, 3219,  429,
 3931, 3324,  443,
 3747, 2227,  445,
 3042, 2280,  456,
 2958, 2335,  467,
 3070, 2393,  479,
 3280, 2452,  490,
 3531, 2514,  503,
 3789, 2578,  516,
 4029, 2643,  529,
 4203, 2711,  542,
 4275, 2781,  556,
 4276, 2853,  571,
 4236, 2927,  585,
 4173, 3002,  600,
 4102, 3079,  616,
 4032, 3158,  632,
 3971, 3238,  648,
 3931, 3320,  664,
 3916, 2526,  674,
 3139, 2575,  687,
 3033, 2625,  700,
 3135, 2678,  714,
 3339, 2733,  729,
 3584, 2788,  744,
 3834, 2847,  759,
 4067, 2906,  775,
 4231, 2967,  791,
 4295, 3031,  808,
 4290, 3095,  825,
 4245, 3160,  843,
 4179, 3227,  861,
 4106, 3296,  879,
 4034, 3365,  897,
 3972, 3436,  916,
 3931, 3507,  935,
 4097, 2875,  958,
 3241, 2922,  974,
 3112, 2971,  990,
 3205, 3021, 1007,
 3401, 3074, 1025,
 3639, 3127, 1042,
 3882, 3182, 1061,
 4106, 3237, 1079,
 4260, 3294, 1098,
 4315, 3352, 1117,
 4304, 3411, 1137,
 4254, 3470, 1157,
 4186, 3531, 1177,
 4111, 3592, 1197,
 4037, 3654, 1218,
 3974, 3716, 1239,
 3931, 3779, 1260,
 4289, 3257, 1303,
 3349, 3302, 1321,
 3196, 3348, 1339,
 3277, 3395, 1358,
 3466, 3443, 1377,
 3695, 3492, 1397,
 3930, 3542, 1417,
 4147, 3593, 1437,
 4288, 3644, 1458,
 4335, 3696, 1478,
 4318, 3748, 1499,
 4264, 3801, 1520,
 4192, 3854, 1542,
 4115, 3908, 1563,
 4040, 3961, 1584,
 3975, 4015, 1606,
 3931, 4068, 1627,
 4489, 3636, 1697,
 3464, 3678, 1716,
 3284, 3719, 1736,
 3353, 3762, 1755,
 3532, 3805, 1776,
 3753, 3848, 1796,
 3980, 3892, 1816,
 4187, 3936, 1837,
 4317, 3981, 1858,
 4355, 4026, 1879,
 4331, 4071, 1900,
 4273, 4116, 1921,
 4199, 4161, 1942,
 4119, 4206, 1963,
 4042, 4251, 1984,
 3976, 4296, 2005,
 3931, 4341, 2026,
 4699, 3986, 2126,
 3583, 4022, 2145,
 3375, 4058, 2164,
 3432, 4094, 2184,
 3601, 4130, 2203,
 3812, 4167, 2223,
 4030, 4204, 2242,
 4228, 4241, 2262,
 4346, 4278, 2282,
 4374, 4315, 2301,
 4345, 4352, 2321,
 4283, 4388, 2340,
 4205, 4424, 2360,
 4123, 4460, 2379,
 4045, 4495, 2397,
 3977, 4529, 2416,
 3931, 4564, 2434,
 4920, 4261, 2556,
 3707, 4288, 2573,
 3470, 4315, 2589,
 3513, 4341, 2605,
 3671, 4368, 2621,
 3872, 4395, 2637,
 4081, 4421, 2653,
 4269, 4448, 2669,
 4374, 4474, 2684,
 4394, 4500, 2700,
 4358, 4525, 2715,
 4292, 4550, 2730,
 4211, 4575, 2745,
 4127, 4599, 2760,
 4047, 4623, 2774,
 3979, 4647, 2788,
 3931, 4670, 2802,
 5144, 4398, 2932,
 3834, 4417, 2945,
 3567, 4436, 2957,
 3595, 4454, 2969,
 3742, 4472, 2982,
 3933, 4491, 2994,
 4131, 4509, 3006,
 4309, 4527, 3018,
 4402, 4544, 3030,
 4413, 4562, 3041,
 4371, 4579, 3053,
 4301, 4596, 3064,
 4218, 4613, 3075,
 4131, 4629, 3086,
 4050, 4645, 3097,
 3980, 4661, 3107,
 3931, 4676, 3117,
 5377, 4435, 3252,
 3965, 4447, 3261,
 3666, 4460, 3271,
 3678, 4473, 3280,
 3813, 4485, 3289,
 3993, 4497, 3298,
 4182, 4510, 3307,
 4348, 4522, 3316,
 4430, 4534, 3325,
 4432, 4545, 3333,
 4384, 4557, 3342,
 4310, 4568, 3350,
 4224, 4579, 3358,
 4135, 4590, 3366,
 4052, 4601, 3374,
 3981, 4611, 3382,
 3931, 4621, 3389,
 5614, 4411, 3528,
 4098, 4419, 3535,
 3767, 4428, 3542,
 3763, 4436, 3549,
 3884, 4445, 3556,
 4053, 4453, 3563,
 4232, 4461, 3569,
 4386, 4469, 3576,
 4456, 4478, 3582,
 4451, 4485, 3588,
 4397, 4493, 3594,
 4318, 4501, 3601,
 4229, 4508, 3607,
 4139, 4515, 3612,
 4054, 4522, 3618,
 3982, 4529, 3623,
 3931, 4536, 3629,
 5854, 4354, 3774,
 4232, 4360, 3779,
 3869, 4366, 3784,
 3847, 4371, 3789,
 3955, 4377, 3793,
 4113, 4383, 3798,
 4280, 4388, 3803,
 4423, 4394, 3808,
 4482, 4399, 3812,
 4468, 4404, 3817,
 4409, 4409, 3821,
 4326, 4414, 3826,
 4235, 4419, 3830,
 4143, 4424, 3834,
 4057, 4428, 3838,
 3983, 4433, 3842,
 3931, 4437, 3845,
 6096, 4283, 3997,
 4367, 4287, 4001,
 3971, 4291, 4004,
 3931, 4294, 4008,
 4025, 4298, 4011,
 4171, 4302, 4015,
 4328, 4305, 4018,
 4459, 4308, 4021,
 4507, 4312, 4024,
 4485, 4315, 4028,
 4420, 4318, 4031,
 4334, 4322, 4034,
 4240, 4325, 4036,
 4146, 4328, 4039,
 4059, 4331, 4042,
 3984, 4333, 4044,
 3931, 4336, 4047,
 6339, 4209, 4209,
 4502, 4212, 4212,
 4072, 4214, 4214,
 4013, 4216, 4216,
 4093, 4218, 4218,
 4227, 4220, 4220,
 4374, 4223, 4223,
 4493, 4225, 4225,
 4530, 4226, 4226,
 4500, 4228, 4228,
 4431, 4230, 4230,
 4341, 4232, 4232,
 4245, 4234, 4234,
 4149, 4236, 4236,
 4060, 4237, 4237,
 3985, 4239, 4239,
 3931, 4240, 4240,
 6579, 4143, 4419,
 4637, 4144, 4420,
 4172, 4145, 4421,
 4094, 4146, 4422,
 4160, 4147, 4423,
 4282, 4148, 4424,
 4418, 4149, 4425,
 4525, 4150, 4426,
 4552, 4151, 4427,
 4515, 4152, 4428,
 4440, 4153, 4429,
 4348, 4153, 4430,
 4249, 4154, 4431,
 4152, 4155, 4432,
 4062, 4156, 4433,
 3986, 4156, 4433,
 3931, 4157, 4434,
  401, 4095, 4641,
 4769, 4095, 4641,
 4270, 4095, 4641,
 4172, 4095, 4641,
 4224, 4095, 4641,
 4334, 4095, 4641,
 4459, 4095, 4641,
 4555, 4095, 4641,
 4572, 4095, 4641,
 4529, 4095, 4641,
 4450, 4095, 4641,
 4354, 4095, 4641,
 4253, 4095, 4641,
 4154, 4095, 4641,
 4063, 4095, 4641,
 3986, 4095, 4641,
 3931, 4095, 4641,
 3476, 1541,   96,
 2886, 1654,  103,
 2836, 1774,  111,
 2962, 1898,  119,
 3181, 2028,  127,
 3442, 2164,  135,
 3710, 2305,  144,
 3963, 2450,  153,
 4154, 2601,  163,
 4241, 2754,  172,
 4253,  171,  182,
 4219,  181,  192,
 4161,  191,  203,
 4094,  201,  214,
 4027,  212,  225,
 3969, 3783,  236,
 3931, 3968,  248,
 3620, 1964,  246,
 2970, 2031,  254,
 2901, 2101,  263,
 3020, 2173,  272,
 3235, 2249,  281,
 3490, 2327,  291,
 3753, 2409,  301,
 3999, 2492,  312,
 4181, 2579,  322,
 4260, 2669,  334,
 4266, 2761,  345,
 4228, 2855,  357,
 4168, 2953,  369,
 4098, 3051,  381,
 4030, 3154,  394,
 3970, 3258,  407,
 3931, 3363,  420,
 3778, 2246,  421,
 3060, 2300,  431,
 2972, 2356,  442,
 3082, 2414,  453,
 3291, 2474,  464,
 3541, 2537,  476,
 3797, 2602,  488,
 4036, 2668,  500,
 4208, 2736,  513,
 4279, 2808,  526,
 4279, 2879,  540,
 4237, 2954,  554,
 4174, 3030,  568,
 4103, 3108,  583,
 4032, 3187,  598,
 3971, 3268,  613,
 3931, 3350,  628,
 3948, 2543,  636,
 3157, 2593,  648,
 3047, 2644,  661,
 3148, 2698,  674,
 3351, 2753,  688,
 3594, 2810,  702,
 3843, 2868,  717,
 4074, 2928,  732,
 4236, 2990,  748,
 4299, 3054,  764,
 4293, 3119,  780,
 4247, 3185,  796,
 4181, 3252,  813,
 4107, 3321,  830,
 4035, 3391,  848,
 3973, 3462,  866,
 3931, 3534,  883,
 4131, 2892,  904,
 3261, 2940,  919,
 3128, 2989,  934,
 3218, 3041,  950,
 3413, 3093,  967,
 3649, 3146,  983,
 3891, 3202, 1001,
 4114, 3258, 1018,
 4265, 3315, 1036,
 4319, 3374, 1054,
 4306, 3433, 1073,
 4256, 3492, 1091,
 4187, 3553, 1110,
 4111, 3615, 1130,
 4038, 3676, 1149,
 3974, 3739, 1168,
 3931, 3802, 1188,
 4325, 3273, 1227,
 3371, 3319, 1244,
 3212, 3365, 1262,
 3292, 3412, 1280,
 3478, 3461, 1298,
 3706, 3511, 1316,
 3940, 3561, 1335,
 4154, 3612, 1354,
 4294, 3663, 1374,
 4339, 3715, 1393,
 4320, 3768, 1413,
 4266, 3820, 1433,
 4194, 3874, 1453,
 4116, 3927, 1473,
 4040, 3981, 1493,
 3975, 4034, 1513,
 3931, 4088, 1533,
 4528, 3652, 1598,
 3486, 3693, 1616,
 3300, 3734, 1634,
 3368, 3777, 1653,
 3545, 3820, 1671,
 3764, 3864, 1691,
 3989, 3908, 1710,
 4195, 3953, 1729,
 4323, 3997, 1749,
 4358, 4043, 1769,
 4334, 4087, 1788,
 4275, 4133, 1808,
 4200, 4178, 1828,
 4120, 4223, 1848,
 4043, 4268, 1867,
 3976, 4312, 1887,
 3931, 4357, 1906,
 4739, 3999, 2000,
 3606, 4035, 2018,
 3393, 4071, 2035,
 3446, 4107, 2054,
 3614, 4144, 2072,
 3823, 4181, 2090,
 4039, 4218, 2109,
 4236, 4255, 2127,
 4351, 4291, 2146,
 4378, 4328, 2164,
 4347, 4365, 2182,
 4285, 4401, 2201,
 4206, 4438, 2219,
 4124, 4473, 2236,
 4045, 4508, 2254,
 3978, 4542, 2271,
 3931, 4576, 2288,
 4960, 4271, 2402,
 3730, 4297, 2417,
 3488, 4324, 2432,
 3528, 4351, 2448,
 3684, 4378, 2463,
 3884, 4404, 2477,
 4090, 4431, 2492,
 4276, 4457, 2507,
 4380, 4483, 2522,
 4398, 4509, 2536,
 4361, 4535, 2551,
 4294, 4560, 2565,
 4213, 4584, 2579,
 4128, 4608, 2592,
 4048, 4632, 2606,
 3979, 4655, 2619,
 3931, 4678, 2632,
 5188, 4405, 2753,
 3858, 4424, 2765,
 3585, 4442, 2777,
 3611, 4461, 2788,
 3755, 4479, 2799,
 3944, 4497, 2811,
 4141, 4515, 2822,
 4316, 4533, 2833,
 4408, 4551, 2844,
 4417, 4568, 2855,
 4374, 4585, 2866,
 4303, 4602, 2876,
 4219, 4619, 2887,
 4132, 4635, 2897,
 4050, 4651, 2907,
 3980, 4666, 2916,
 3931, 4681, 2926,
 5421, 4439, 3052,
 3989, 4452, 3061,
 3685, 4465, 3069,
 3694, 4477, 3078,
 3826, 4490, 3087,
 4004, 4502, 3095,
 4191, 4514, 3103,
 4355, 4526, 3112,
 4435, 4538, 3120,
 4436, 4550, 3128,
 4387, 4561, 3136,
 4311, 4572, 3143,
 4225, 4583, 3151,
 4136, 4594, 3159,
 4053, 4605, 3166,
 3981, 4615, 3173,
 3931, 4625, 3179,
 5657, 4414, 3310,
 4122, 4422, 3317,
 3786, 4431, 3323,
 3778, 4439, 3330,
 3897, 4448, 3336,
 4065, 4456, 3342,
 4241, 4464, 3348,
 4393, 4472, 3354,
 4461, 4480, 3360,
 4454, 4488, 3366,
 4399, 4496, 3372,
 4320, 4503, 3378,
 4230, 4511, 3383,
 4140, 4518, 3388,
 4055, 4525, 3394,
 3982, 4532, 3399,
 3931, 4538, 3404,
 5899, 4356, 3539,
 4256, 4362, 3544,
 3888, 4368, 3549,
 3863, 4374, 3553,
 3968, 4379, 3558,
 4124, 4385, 3563,
 4289, 4390, 3567,
 4430, 4396, 3571,
 4487, 4401, 3576,
 4471, 4406, 3580,
 4411, 4411, 3584,
 4328, 4416, 3588,
 4236, 4421, 3592,
 4143, 4425, 3596,
 4057, 4430, 3599,
 3983, 4434, 3603,
 3931, 4438, 3606,
 6142, 4284, 3749,
 4393, 4288, 3752,
 3989, 4292, 3755,
 3946, 4296, 3759,
 4038, 4299, 3762,
 4181, 4303, 3765,
 4336, 4306, 3768,
 4466, 4310, 3771,
 4511, 4313, 3774,
 4488, 4317, 3777,
 4422, 4320, 3780,
 4335, 4323, 3782,
 4241, 4326, 3785,
 4146, 4329, 3788,
 4059, 4332, 3790,
 3984, 4334, 3792,
 3931, 4337, 3795,
 6383, 4210, 3947,
 4528, 4212, 3949,
 4091, 4215, 3951,
 4028, 4217, 3953,
 4106, 4219, 3955,
 4237, 4221, 3957,
 4382, 4223, 3959,
 4499, 4225, 3961,
 4534, 4227, 3963,
 4503, 4229, 3965,
 4432, 4231, 3967,
 4343, 4233, 3968,
 4245, 4235, 3970,
 4149, 4236, 3971,
 4061, 4238, 3973,
 3985, 4239, 3974,
 3931, 4241, 3976,
 6625, 4143, 4143,
 4660, 4144, 4144,
 4190, 4145, 4145,
 4109, 4146, 4146,
 4171, 4147, 4147,
 4291, 4148, 4148,
 4426, 4149, 4149,
 4531, 4150, 4150,
 4556, 4151, 4151,
 4518, 4152, 4152,
 4442, 4153, 4153,
 4349, 4154, 4154,
 4250, 4154, 4154,
 4152, 4155, 4155,
 4062, 4156, 4156,
 3986, 4156, 4156,
 3931, 4157, 4157,
  404, 4095, 4351,
 4793, 4095, 4351,
 4288, 4095, 4351,
 4187, 4095, 4351,
 4235, 4095, 4351,
 4343, 4095, 4351,
 4467, 4095, 4351,
 4560, 4095, 4351,
 4576, 4095, 4351,
 4531, 4095, 4351,
 4451, 4095, 4351,
 4355, 4095, 4351,
 4254, 4095, 4351,
 4155, 4095, 4351,
 4064, 4095, 4351,
 3986, 4095, 4351,
 3931, 4095, 4351,
 3501, 1583,   93,
 2900, 1698,  100,
 2847, 1818,  107,
 2972, 1946,  114,
 3192, 2077,  122,
 3451, 2215,  130,
 3718, 2357,  139,
 3970, 2502,  147,
 4159,  156,  156,
 4245,  166,  166,
 4255,  175,  175,
 4221,  185,  185,
 4163,  195,  195,
 4095,  205,  205,
 4028,  216,  216,
 3969, 3850,  226,
 3931, 4034,  237,
 3647, 1989,  234,
 2985, 2057,  242,
 2914, 2127,  250,
 3031, 2201,  259,
 3245, 2277,  268,
 3500, 2357,  277,
 3761, 2439,  287,
 4005, 2524,  297,
 4186, 2612,  307,
 4263, 2702,  318,
 4268, 2795,  329,
 4230, 2891,  340,
 4169, 2989,  352,
 4099, 3089,  363,
 4030, 3192,  376,
 3970, 3296,  388,
 3931, 3402,  400,
 3808, 2265,  400,
 3077, 2320,  409,
 2985, 2376,  419,
 3094, 2436,  430,
 3302, 2497,  441,
 3551, 2560,  452,
 3805, 2625,  463,
 4043, 2692,  475,
 4213, 2762,  487,
 4283, 2833,  500,
 4281, 2906,  513,
 4239, 2981,  526,
 4175, 3058,  540,
 4104, 3137,  554,
 4033, 3216,  568,
 3971, 3298,  582,
 3931, 3381,  597,
 3981, 2561,  603,
 3176, 2611,  614,
 3062, 2663,  627,
 3161, 2718,  640,
 3362, 2773,  653,
 3604, 2831,  666,
 3852, 2890,  680,
 4082, 2951,  694,
 4242, 3013,  709,
 4302, 3078,  724,
 4295, 3143,  739,
 4248, 3210,  755,
 4182, 3278,  771,
 4108, 3347,  787,
 4035, 3416,  804,
 3973, 3488,  821,
 3931, 3560,  838,
 4167, 2909,  856,
 3281, 2958,  870,
 3143, 3008,  885,
 3232, 3060,  900,
 3425, 3113,  915,
 3660, 3167,  931,
 3900, 3222,  948,
 4121, 3279,  964,
 4270, 3336,  981,
 4322, 3395,  999,
 4309, 3454, 1016,
 4258, 3515, 1034,
 4188, 3576, 1052,
 4112, 3637, 1070,
 4038, 3699, 1088,
 3974, 3762, 1107,
 3931, 3824, 1125,
 4360, 3290, 1161,
 3391, 3336, 1177,
 3228, 3383, 1194,
 3306, 3431, 1211,
 3491, 3479, 1228,
 3716, 3529, 1245,
 3949, 3579, 1263,
 4162, 3630, 1281,
 4299, 3682, 1299,
 4342, 3735, 1318,
 4323, 3787, 1337,
 4267, 3840, 1355,
 4195, 3893, 1374,
 4116, 3947, 1393,
 4041, 4000, 1412,
 3975, 4054, 1431,
 3931, 4108, 1450,
 4568, 3667, 1510,
 3507, 3708, 1527,
 3317, 3750, 1544,
 3383, 3793, 1562,
 3558, 3836, 1580,
 3775, 3880, 1598,
 3999, 3925, 1616,
 4202, 3969, 1634,
 4328, 4014, 1653,
 4362, 4059, 1671,
 4336, 4104, 1690,
 4277, 4149, 1708,
 4201, 4194, 1727,
 4121, 4240, 1746,
 4043, 4284, 1764,
 3977, 4328, 1782,
 3931, 4373, 1801,
 4783, 4012, 1888,
 3629, 4048, 1905,
 3410, 4084, 1922,
 3462, 4121, 1939,
 3627, 4158, 1957,
 3835, 4194, 1974,
 4049, 4231, 1991,
 4243, 4268, 2009,
 4356, 4305, 2026,
 4382, 4342, 2043,
 4350, 4378, 2060,
 4286, 4414, 2077,
 4208, 4450, 2094,
 4125, 4486, 2111,
 4046, 4520, 2127,
 3978, 4554, 2143,
 3931, 4588, 2159,
 5003, 4281, 2266,
 3754, 4307, 2280,
 3505, 4334, 2295,
 3543, 4361, 2309,
 3697, 4388, 2323,
 3895, 4414, 2337,
 4100, 4441, 2351,
 4283, 4467, 2365,
 4385, 4493, 2378,
 4401, 4518, 2392,
 4363, 4544, 2405,
 4296, 4568, 2419,
 4214, 4593, 2432,
 4129, 4617, 2444,
 4048, 4641, 2457,
 3979, 4664, 2469,
 3931, 4687, 2481,
 5232, 4412, 2595,
 3882, 4431, 2606,
 3603, 4449, 2617,
 3626, 4468, 2628,
 3768, 4486, 2639,
 3955, 4504, 2649,
 4150, 4522, 2660,
 4323, 4540, 2670,
 4413, 4557, 2681,
 4421, 4575, 2691,
 4376, 4592, 2701,
 4304, 4608, 2711,
 4220, 4625, 2720,
 4133, 4641, 2730,
 4051, 4656, 2739,
 3980, 4672, 2748,
 3931, 4687, 2757,
 5465, 4444, 2875,
 4014, 4457, 2884,
 3704, 4469, 2892,
 3710, 4482, 2900,
 3839, 4494, 2908,
 4016, 4506, 2916,
 4201, 4518, 2924,
 4362, 4530, 2931,
 4440, 4542, 2939,
 4439, 4554, 2947,
 4389, 4565, 2954,
 4313, 4576, 2961,
 4226, 4587, 2968,
 4137, 4598, 2975,
 4053, 4608, 2982,
 3981, 4618, 2988,
 3931, 4628, 2995,
 5703, 4417, 3118,
 4148, 4426, 3124,
 3805, 4434, 3130,
 3794, 4442, 3136,
 3911, 4451, 3142,
 4076, 4459, 3148,
 4250, 4467, 3153,
 4400, 4475, 3159,
 4466, 4483, 3165,
 4457, 4491, 3170,
 4401, 4499, 3176,
 4321, 4506, 3181,
 4231, 4513, 3186,
 4140, 4520, 3191,
 4055, 4527, 3196,
 3982, 4534, 3200,
 3931, 4540, 3205,
 5944, 4358, 3333,
 4282, 4364, 3337,
 3907, 4370, 3342,
 3878, 4376, 3346,
 3981, 4381, 3350,
 4135, 4387, 3355,
 4298, 4392, 3359,
 4437, 4397, 3363,
 4491, 4403, 3367,
 4474, 4408, 3371,
 4413, 4413, 3374,
 4329, 4418, 3378,
 4237, 4422, 3382,
 4144, 4427, 3385,
 4057, 4431, 3389,
 3983, 4436, 3392,
 3931, 4440, 3395,
 6186, 4286, 3529,
 4417, 4290, 3533,
 4009, 4293, 3536,
 3961, 4297, 3539,
 4050, 4301, 3542,
 4192, 4304, 3545,
 4345, 4308, 3547,
 4472, 4311, 3550,
 4515, 4314, 3553,
 4491, 4318, 3556,
 4424, 4321, 3558,
 4337, 4324, 3561,
 4242, 4327, 3563,
 4147, 4330, 3566,
 4059, 4332, 3568,
 3984, 4335, 3570,
 3931, 4338, 3572,
 6428, 4211, 3716,
 4552, 4213, 3718,
 4110, 4215, 3719,
 4043, 4218, 3722,
 4118, 4220, 3723,
 4248, 4222, 3725,
 4390, 4224, 3727,
 4505, 4226, 3729,
 4538, 4228, 3731,
 4506, 4230, 3732,
 4434, 4232, 3734,
 4344, 4233, 3735,
 4246, 4235, 3737,
 4150, 4237, 3738,
 4061, 4238, 3740,
 3985, 4240, 3741,
 3931, 4241, 3742,
 6669, 4143, 3900,
 4686, 4145, 3901,
 4208, 4146, 3902,
 4123, 4147, 3903,
 4184, 4148, 3904,
 4301, 4149, 3904,
 4433, 4149, 3905,
 4536, 4151, 3906,
 4560, 4151, 3907,
 4520, 4152, 3908,
 4444, 4153, 3909,
 4350, 4154, 3909,
 4251, 4155, 3910,
 4153, 4155, 3911,
 4063, 4156, 3912,
 3986, 4157, 3912,
 3931, 4157, 3913,
  406, 4095, 4095,
 4817, 4095, 4095,
 4306, 4095, 4095,
 4201, 4095, 4095,
 4246, 4095, 4095,
 4352, 4095, 4095,
 4475, 4095, 4095,
 4566, 4095, 4095,
 4579, 4095, 4095,
 4534, 4095, 4095,
 4453, 4095, 4095,
 4356, 4095, 4095,
 4254, 4095, 4095,
 4155, 4095, 4095,
 4064, 4095, 4095,
 3986, 4095, 4095,
 3931, 4095, 3563,
