    0,    0,    0,
 1270,   73,   73,
 1776,  129,  129,
 2039,  193,  193,
 2212,  248,  248,
 2343,  289,  289,
 2457,  322,  322,
 2564, 6370,  375,
 2660, 7426,  437,
 2744, 8492,  500,
 2816, 9571,  563,
 2876,10642,  626,
 2924,11694,  688,
 2958,12706,  747,
 2980,13687,  805,
 2990,14627,  860,
 2988,  914,  914,
   61, 1918,  226,
 1623, 2153,  253,
 1908, 2506,  295,
 2129, 2989,  352,
 2277, 3450,  406,
 2393, 3855,  454,
 2500, 4234,  498,
 2604, 4707,  554,
 2698, 5212,  613,
 2781, 5710,  672,
 2852, 6206,  730,
 2909, 6689,  787,
 2952, 7166,  843,
 2983, 7633,15265,
 3002, 8093,16187,
 3009, 8539,17079,
 3006, 8971,17942,
  133, 2487,  439,
 2216, 2641,  466,
 2200, 2817,  497,
 2255, 3025,  534,
 2359, 3306,  583,
 2461, 3591,  634,
 2559, 3868,  683,
 2658, 4180,  738,
 2748, 4497,  794,
 2826, 4803,  848,
 2890, 5106,  901,
 2942, 5407,  954,
 2981, 5707, 1007,
 3009, 6003,18008,
 3026, 6295,18886,
 3031, 6580,19741,
 3027, 6860,20579,
  202, 2819,  663,
 2744, 2934,  690,
 2546, 3055,  719,
 2484, 3192,  751,
 2484, 3335,  785,
 2536, 3510,  826,
 2625, 3724,  876,
 2717, 3948,  929,
 2799, 4166,  980,
 2870, 4384,17535,
 2929, 4599,18396,
 2977, 4814,19257,
 3014, 5029,20115,
 3039, 5241,20966,
 3054, 5452,21809,
 3058, 5661,22646,
 3054, 5867,23467,
  245, 3060,  900,
 3128, 3152,  927,
 2837, 3240,  953,
 2721, 3337,  981,
 2669, 3442, 1012,
 2662, 3543, 1042,
 2697, 3664, 1078,
 2774, 3834, 1128,
 2848, 4007, 1178,
 2914, 4178,20891,
 2969, 4347,21735,
 3014, 4515,22575,
 3049, 4682,23412,
 3074, 4849,24247,
 3087, 5015,25074,
 3090, 5180,25902,
 3085, 5344,26722,
 5028, 3256, 1149,
 3577, 3334, 1177,
 3163, 3403, 1201,
 2983, 3469, 1224,
 2873, 3547, 1252,
 2827, 3626,21758,
 2819, 3706,22236,
 2838, 3793,22758,
 2899, 3929,23577,
 2960, 4073,24437,
 3013, 4214,25282,
 3057, 4353,26117,
 3090, 4492,26952,
 3114, 4631,27784,
 3127, 4769,28615,
 3129, 4908,29448,
 3124, 5047,30280,
 6421, 3412, 1405,
 4177, 3474, 1430,
 3529, 3526, 1452,
 3250, 3575, 1472,
 3082, 3637, 1498,
 2994, 3704,25928,
 2960, 3772,26401,
 2955, 3838,26869,
 2966, 3906,27340,
 3014, 4017,28121,
 3064, 4140,28980,
 3107, 4261,29828,
 3140, 4382,30676,
 3163, 4503,31519,
 3174, 4623,32362,
 3176, 4744,33207,
 3169, 4866,34060,
 7771, 3524, 1658,
 4775, 3574,28596,
 3895, 3620,28956,
 3514, 3661,29288,
 3294, 3711,29688,
 3165, 3769,30152,
 3106, 3828,30622,
 3084, 3886,31090,
 3083, 3946,31568,
 3092, 4007,32053,
 3126, 4098,32781,
 3167, 4206,33651,
 3200, 4315,34521,
 3221, 4423,35388,
 3231, 4531,36249,
 3229, 4638,37106,
 3220, 4746,37967,
 9093, 3607, 1909,
 5380, 3651,32856,
 4270, 3691,33217,
 3785, 3728,33549,
 3514, 3769,33925,
 3346, 3821,34386,
 3261, 3873,34857,
 3222, 3925,35329,
 3210, 3979,35814,
 3211, 4034,36310,
 3219, 4092,36830,
 3241, 4170,37533,
 3271, 4270,38429,
 3289, 4368,39311,
 3294, 4465,40182,
 3288, 4560,41037,
 3276, 4654,41889,
10401, 3666,36657,
 5995, 3705,37051,
 4657, 3741,37411,
 4067, 3775,37751,
 3745, 3811,38113,
 3538, 3857,38575,
 3428, 3904,39043,
 3373, 3953,39529,
 3350, 4002,40024,
 3343, 4053,40533,
 3343, 4106,41062,
 3343, 4160,41602,
 3351, 4230,42304,
 3363, 4319,43190,
 3362, 4405,44053,
 3352, 4489,44893,
 3335, 4572,45722,
11702, 3705,40755,
 6618, 3740,41144,
 5058, 3773,41507,
 4364, 3805,41854,
 3988, 3838,42219,
 3746, 3880,42676,
 3612, 3923,43150,
 3541, 3967,43642,
 3504, 4013,44144,
 3486, 4060,44658,
 3475, 4107,45182,
 3465, 4155,45709,
 3451, 4204,46244,
 3442, 4266,46929,
 3435, 4343,47768,
 3419, 4416,48580,
 3397, 4488,49369,
12982, 3726,44709,
 7247, 3758,45094,
 5473, 3788,45460,
 4677, 3818,45812,
 4248, 3849,46185,
 3973, 3887,46641,
 3813, 3926,47116,
 3722, 3967,47606,
 3669, 4008,48100,
 3637, 4050,48600,
 3613, 4092,49101,
 3592, 4134,49606,
 3567, 4175,50105,
 3536, 4218,50612,
 3511, 4272,51268,
 3488, 4337,52039,
 3460, 4399,52783,
14251, 3729,48478,
 7884, 3758,48858,
 5904, 3787,49229,
 5009, 3815,49589,
 4527, 3844,49969,
 4214, 3879,50421,
 4026, 3914,50888,
 3913, 3951,51362,
 3842, 3988,51839,
 3794, 4024,52317,
 3756, 4061,52793,
 3721, 4098,53270,
 3684, 4133,53735,
 3641, 4169,54196,
 3595, 4204,54656,
 3559, 4253,55286,
 3526, 4307,55991,
15510, 3718,52053,
 8532, 3745,52433,
 6351, 3772,52814,
 5358, 3799,53185,
 4819, 3826,53569,
 4467, 3858,54010,
 4249, 3890,54463,
 4111, 3923,54918,
 4021, 3955,55376,
 3955, 3988,55829,
 3902, 4020,56277,
 3852, 4052,56721,
 3801, 4082,57151,
 3746, 4112,57570,
 3690, 4142,57984,
 3637, 4173,58422,
 3602, 4222,59110,
16774, 3698,55467,
 9194, 3724,55856,
 6812, 3749,56241,
 5719, 3774,56615,
 5123, 3800,57000,
 4729, 3829,57428,
 4479, 3858,57866,
 4316, 3887,58298,
 4204, 3916,58736,
 4119, 3944,59161,
 4049, 3972,59579,
 3983, 3999,59985,
 3917, 4026,60387,
 3854, 4053,60794,
 3795, 4082,61229,
 3739, 4111,61666,
 3689, 4145,62168,
18053, 3672,58752,
 9868, 3696,59141,
 7285, 3721,59529,
 6093, 3744,59903,
 5435, 3768,60285,
 4998, 3794,60701,
 4715, 3820,61119,
 4524, 3846,61533,
 4389, 3871,61941,
 4284, 3896,62335,
 4195, 3920,62723,
 4117, 3945,63123,
 4045, 3972,63547,
 3976, 3998,63973,
 3910, 4025,64405,
 3847, 4052,64827,
 3786, 4077,65238,
 1138, 3643, 3643,
10556, 3665,62313,
 7769, 3688,62695,
 6479, 3710,63077,
 5757, 3733,63455,
 5271, 3756,63856,
 4953, 3779,64251,
 4734, 3802,64639,
 4573, 3824,65015,
 4453, 3848,65409,
 4356, 3872, 3872,
 4269, 3897, 3897,
 4186, 3922, 3922,
 4105, 3946, 3946,
 4028, 3970, 3970,
 3954, 3994, 3994,
 3883, 4016, 4016,
   39,   69,  588,
 1436,   96,  814,
 1801,  139, 1180,
 2055,  202, 1714,
 2225,  257, 2182,
 2355,  297, 2526,
 2468,  331, 2817,
 2574, 6539, 3269,
 2670, 7588, 3794,
 2753, 8652, 4326,
 2825, 9721, 4860,
 2884,10784, 5392,
 2931,11823, 5912,
 2964,12824, 6412,
 2985,13796, 6898,
 2994,14734, 7367,
 2992,  920, 7817,
   75, 2074, 2074,
 1773, 2331, 2331,
 1970, 2646, 2646,
 2144, 3083, 3083,
 2285, 3552, 3552,
 2400, 3963, 3963,
 2507, 4344, 4344,
 2612, 4813, 4813,
 2707, 5306, 5306,
 2790, 5799, 5799,
 2859, 6288, 6288,
 2915, 6764, 6764,
 2958, 7237, 7237,
 2988, 7701, 7701,
 3006, 8159, 8159,
 3013, 8603, 8603,
 3010, 9034, 9034,
  139, 2551, 3826,
 2267, 2706, 4060,
 2245, 2889, 4334,
 2298, 3116, 4674,
 2379, 3392, 5088,
 2463, 3682, 5523,
 2555, 3971, 5956,
 2654, 4289, 6434,
 2745, 4606, 6909,
 2823, 4914, 7371,
 2888, 5218, 7827,
 2941, 5520, 8280,
 2981, 5820, 8730,
 3009, 6116, 9174,
 3027, 6409, 9614,
 3033, 6695,10043,
 3029, 6977,10465,
  207, 2871, 5743,
 2788, 2987, 5974,
 2581, 3106, 6212,
 2526, 3241, 6482,
 2520, 3395, 6789,
 2550, 3565, 7131,
 2624, 3779, 7559,
 2710, 4010, 8020,
 2791, 4240, 8480,
 2862, 4466, 8932,
 2922, 4690, 9381,
 2971, 4913, 9825,
 3009, 5133,10266,
 3036, 5351,10702,
 3052, 5567,11134,
 3058, 5779,11558,
 3054, 5988,11977,
  249, 3104, 7760,
 3168, 3196, 7990,
 2868, 3282, 8205,
 2759, 3369, 8423,
 2709, 3467, 8668,
 2683, 3568, 8921,
 2701, 3688, 9221,
 2768, 3861, 9653,
 2840, 4043,10108,
 2905, 4224,10560,
 2962, 4401,11003,
 3009, 4577,11443,
 3045, 4752,11879,
 3071, 4924,12310,
 3086, 5095,12737,
 3091, 5265,13162,
 3087, 5434,13584,
 5141, 3293, 9878,
 3628, 3370,10110,
 3197, 3436,10308,
 3014, 3495,10486,
 2917, 3558,10675,
 2854, 3636,10907,
 2829, 3715,11146,
 2835, 3802,11405,
 2892, 3944,11831,
 2953, 4096,12287,
 3007, 4245,12735,
 3052, 4392,13177,
 3088, 4538,13614,
 3113, 4683,14050,
 3127, 4827,14482,
 3131, 4971,14913,
 3126, 5115,15344,
 6521, 3441,12045,
 4223, 3501,12253,
 3559, 3552,12432,
 3275, 3599,12598,
 3127, 3647,12765,
 3031, 3707,12973,
 2979, 3774,13210,
 2962, 3841,13445,
 2963, 3909,13682,
 3008, 4026,14090,
 3060, 4156,14547,
 3104, 4285,14999,
 3139, 4414,15448,
 3163, 4540,15892,
 3176, 4667,16334,
 3179, 4793,16776,
 3173, 4919,17216,
 7854, 3547,14187,
 4818, 3597,14388,
 3924, 3642,14567,
 3537, 3682,14730,
 3337, 3722,14890,
 3213, 3770,15079,
 3135, 3829,15315,
 3100, 3888,15551,
 3090, 3948,15792,
 3092, 4009,16035,
 3124, 4104,16415,
 3167, 4220,16881,
 3201, 4336,17345,
 3224, 4451,17804,
 3234, 4564,18257,
 3233, 4676,18705,
 3225, 4788,19151,
 9171, 3626,16318,
 5422, 3670,16514,
 4299, 3710,16694,
 3808, 3746,16858,
 3555, 3781,17017,
 3402, 3822,17197,
 3299, 3874,17433,
 3247, 3927,17672,
 3226, 3981,17916,
 3220, 4037,18168,
 3223, 4095,18430,
 3243, 4177,18798,
 3274, 4284,19276,
 3292, 4388,19744,
 3298, 4489,20201,
 3293, 4589,20650,
 3281, 4687,21092,
10480, 3683,18415,
 6036, 3722,18609,
 4688, 3758,18789,
 4092, 3792,18958,
 3784, 3824,19120,
 3602, 3860,19300,
 3476, 3907,19535,
 3407, 3956,19778,
 3374, 4006,20028,
 3360, 4057,20286,
 3354, 4110,20552,
 3349, 4165,20825,
 3355, 4238,21192,
 3368, 4332,21661,
 3368, 4423,22116,
 3358, 4511,22555,
 3341, 4597,22987,
11778, 3720,20459,
 6661, 3755,20653,
 5092, 3788,20835,
 4392, 3820,21009,
 4029, 3850,21177,
 3817, 3884,21360,
 3668, 3926,21594,
 3583, 3971,21843,
 3536, 4018,22096,
 3509, 4064,22354,
 3492, 4112,22618,
 3477, 4161,22883,
 3459, 4209,23152,
 3448, 4274,23508,
 3441, 4355,23951,
 3425, 4432,24376,
 3404, 4507,24788,
13064, 3739,22434,
 7295, 3771,22627,
 5510, 3802,22810,
 4710, 3831,22989,
 4293, 3861,23163,
 4050, 3892,23351,
 3876, 3931,23585,
 3771, 3972,23831,
 3707, 4013,24079,
 3666, 4055,24330,
 3636, 4097,24582,
 3608, 4139,24834,
 3579, 4181,25084,
 3544, 4223,25338,
 3518, 4280,25679,
 3495, 4348,26087,
 3468, 4413,26476,
14338, 3741,24316,
 7938, 3770,24508,
 5946, 3799,24694,
 5047, 3827,24877,
 4575, 3855,25058,
 4296, 3884,25248,
 4096, 3919,25476,
 3968, 3956,25716,
 3885, 3993,25954,
 3828, 4030,26193,
 3783, 4066,26431,
 3742, 4103,26669,
 3699, 4139,26901,
 3652, 4174,27131,
 3603, 4209,27360,
 3567, 4260,27692,
 3535, 4318,28067,
15607, 3729,26103,
 8592, 3757,26296,
 6398, 3784,26486,
 5399, 3810,26673,
 4870, 3837,26858,
 4554, 3864,27048,
 4324, 3896,27270,
 4171, 3928,27499,
 4069, 3961,27727,
 3993, 3993,27954,
 3932, 4025,28177,
 3876, 4057,28398,
 3819, 4087,28612,
 3760, 4117,28822,
 3702, 4147,29029,
 3648, 4179,29256,
 3614, 4232,29624,
16882, 3708,27811,
 9259, 3734,28005,
 6863, 3760,28198,
 5764, 3785,28387,
 5177, 3810,28573,
 4821, 3835,28762,
 4558, 3864,28977,
 4379, 3893,29194,
 4255, 3921,29411,
 4160, 3950,29622,
 4081, 3977,29831,
 4009, 4005,30034,
 3939, 4031,30235,
 3873, 4059,30445,
 3812, 4088,30663,
 3753, 4118,30884,
 3703, 4153,31147,
18168, 3681,29452,
 9939, 3706,29647,
 7340, 3730,29840,
 6141, 3754,30028,
 5494, 3777,30214,
 5095, 3800,30403,
 4796, 3826,30609,
 4590, 3852,30813,
 4442, 3877,31018,
 4327, 3902,31215,
 4231, 3926,31409,
 4148, 3952,31615,
 4072, 3979,31829,
 4000, 4005,32044,
 3930, 4032,32259,
 3863, 4059,32470,
 3800, 4085,32676,
 1145, 3651,31036,
10632, 3674,31231,
 7830, 3697,31423,
 6530, 3719,31611,
 5820, 3741,31796,
 5374, 3763,31983,
 5037, 3786,32180,
 4801, 3809,32372,
 4629, 3831,32562,
 4502, 3855,32765,
 4398, 3879,32975,
 4305, 3904,33187,
 4216, 3929,33399,
 4131, 3954,33607,
 4049, 3978,33812,
 3971, 4001,34007,
 3898, 4023,34192,
   78,  112,  637,
 1786,  144,  815,
 1944,  176,  997,
 2086,  215, 1220,
 2238,  265, 1503,
 2367,  306, 1734,
 2479,  341, 1932,
 2585, 6710, 2237,
 2680, 7751, 2584,
 2762, 8810, 2937,
 2833, 9871, 3290,
 2892,10925, 3642,
 2938,11948, 3983,
 2970,12943, 4314,
 2990,13907, 4636,
 2998,14841, 4947,
 2996,  926, 5245,
  116, 2414, 1609,
 2125, 2686, 1791,
 2156, 2984, 1989,
 2213, 3281, 2187,
 2303, 3646, 2431,
 2412, 4048, 2699,
 2518, 4434, 2956,
 2622, 4903, 3269,
 2717, 5392, 3595,
 2799, 5881, 3921,
 2867, 6361, 4241,
 2922, 6835, 4557,
 2964, 7304, 4869,
 2993, 7766, 5178,
 3011, 8221, 5480,
 3017, 8664, 5776,
 3014, 9094, 6063,
  162, 2681, 2681,
 2468, 2856, 2856,
 2384, 3051, 3051,
 2390, 3270, 3270,
 2417, 3494, 3494,
 2477, 3747, 3747,
 2566, 4035, 4035,
 2664, 4351, 4351,
 2754, 4663, 4663,
 2831, 4968, 4968,
 2895, 5271, 5271,
 2946, 5572, 5572,
 2986, 5871, 5871,
 3014, 6166, 6166,
 3031, 6459, 6459,
 3037, 6746, 6746,
 3034, 7026, 7026,
  213, 2927, 3903,
 2844, 3046, 4062,
 2625, 3168, 4224,
 2565, 3304, 4405,
 2572, 3479, 4638,
 2601, 3667, 4889,
 2643, 3852, 5136,
 2715, 4075, 5433,
 2791, 4306, 5741,
 2860, 4536, 6048,
 2921, 4764, 6353,
 2970, 4990, 6654,
 3009, 5215, 6953,
 3037, 5436, 7247,
 3054, 5655, 7540,
 3059, 5870, 7827,
 3056, 6083, 8110,
  254, 3147, 5246,
 3207, 3239, 5399,
 2898, 3323, 5539,
 2783, 3408, 5681,
 2736, 3505, 5842,
 2731, 3632, 6054,
 2737, 3756, 6259,
 2778, 3913, 6522,
 2839, 4095, 6824,
 2901, 4281, 7135,
 2956, 4466, 7443,
 3004, 4649, 7749,
 3041, 4831, 8051,
 3068, 5009, 8349,
 3085, 5187, 8644,
 3091, 5361, 8935,
 3088, 5535, 9224,
 5251, 3329, 6658,
 3680, 3405, 6809,
 3229, 3469, 6937,
 3037, 3526, 7051,
 2938, 3587, 7173,
 2889, 3662, 7325,
 2858, 3747, 7494,
 2850, 3832, 7664,
 2894, 3971, 7941,
 2951, 4127, 8254,
 3003, 4283, 8566,
 3048, 4438, 8877,
 3085, 4592, 9183,
 3112, 4743, 9486,
 3127, 4893, 9786,
 3132, 5042,10085,
 3129, 5191,10382,
 6614, 3469, 8095,
 4268, 3527, 8231,
 3589, 3578, 8349,
 3297, 3625, 8458,
 3146, 3671, 8566,
 3063, 3723, 8687,
 3010, 3787, 8837,
 2978, 3855, 8995,
 2970, 3923, 9154,
 3008, 4041, 9428,
 3058, 4178, 9748,
 3102, 4314,10067,
 3138, 4449,10381,
 3164, 4583,10694,
 3178, 4716,11003,
 3182, 4847,11310,
 3177, 4978,11615,
 7937, 3570, 9519,
 4860, 3619, 9651,
 3953, 3664, 9770,
 3559, 3704, 9878,
 3357, 3743, 9982,
 3244, 3784,10091,
 3173, 3834,10225,
 3123, 3894,10383,
 3102, 3955,10545,
 3097, 4017,10711,
 3125, 4114,10971,
 3168, 4238,11301,
 3203, 4360,11628,
 3226, 4482,11951,
 3237, 4601,12269,
 3238, 4718,12582,
 3230, 4833,12889,
 9251, 3645,10936,
 5463, 3689,11067,
 4328, 3729,11186,
 3831, 3765,11296,
 3575, 3800,11401,
 3434, 3835,11506,
 3345, 3878,11633,
 3278, 3931,11793,
 3246, 3986,11958,
 3233, 4043,12128,
 3229, 4101,12304,
 3246, 4187,12561,
 3277, 4299,12898,
 3296, 4409,13228,
 3303, 4516,13548,
 3299, 4621,13862,
 3287, 4722,14167,
10558, 3700,12332,
 6079, 3738,12462,
 4719, 3775,12583,
 4117, 3808,12695,
 3807, 3841,12803,
 3635, 3873,12911,
 3529, 3911,13036,
 3448, 3959,13198,
 3403, 4010,13367,
 3380, 4062,13541,
 3367, 4116,13721,
 3357, 4171,13904,
 3361, 4248,14159,
 3373, 4347,14490,
 3373, 4442,14807,
 3364, 4534,15114,
 3348, 4624,15414,
11859, 3735,13695,
 6706, 3770,13823,
 5125, 3803,13945,
 4421, 3835,14061,
 4056, 3866,14174,
 3854, 3897,14287,
 3729, 3931,14415,
 3631, 3976,14577,
 3572, 4022,14749,
 3536, 4070,14923,
 3512, 4118,15099,
 3490, 4166,15277,
 3468, 4216,15458,
 3455, 4283,15704,
 3448, 4368,16016,
 3432, 4449,16313,
 3411, 4527,16600,
13148, 3752,15009,
 7343, 3784,15138,
 5548, 3815,15260,
 4743, 3845,15381,
 4324, 3875,15499,
 4090, 3904,15617,
 3943, 3936,15745,
 3826, 3977,15907,
 3750, 4018,16073,
 3699, 4060,16241,
 3661, 4103,16411,
 3627, 4145,16578,
 3592, 4186,16746,
 3553, 4229,16915,
 3525, 4288,17153,
 3503, 4360,17438,
 3476, 4428,17711,
14427, 3753,16263,
 7992, 3782,16391,
 5989, 3811,16516,
 5085, 3840,16640,
 4609, 3868,16761,
 4340, 3896,16882,
 4167, 3925,17010,
 4028, 3961,17166,
 3933, 3998,17325,
 3865, 4035,17486,
 3812, 4072,17645,
 3764, 4108,17803,
 3716, 4144,17958,
 3664, 4179,18110,
 3612, 4215,18263,
 3575, 4268,18496,
 3545, 4330,18762,
15705, 3740,17453,
 8654, 3768,17583,
 6446, 3795,17710,
 5441, 3822,17836,
 4907, 3848,17959,
 4600, 3874,18081,
 4400, 3902,18208,
 4236, 3934,18358,
 4120, 3966,18510,
 4034, 3999,18662,
 3964, 4031,18810,
 3901, 4062,18957,
 3838, 4093,19099,
 3775, 4123,19238,
 3714, 4153,19379,
 3659, 4187,19537,
 3627, 4243,19799,
16990, 3718,18591,
 9326, 3744,18722,
 6915, 3770,18851,
 5809, 3795,18977,
 5217, 3820,19101,
 4870, 3845,19223,
 4638, 3870,19348,
 4447, 3898,19491,
 4309, 3927,19635,
 4204, 3955,19777,
 4116, 3983,19915,
 4037, 4010,20050,
 3962, 4037,20186,
 3894, 4066,20330,
 3829, 4095,20476,
 3768, 4125,20624,
 3717, 4162,20809,
18289, 3691,19685,
10011, 3715,19815,
 7397, 3740,19944,
 6189, 3763,20069,
 5538, 3786,20193,
 5148, 3809,20315,
 4882, 3832,20439,
 4661, 3858,20575,
 4499, 3883,20710,
 4373, 3908,20840,
 4269, 3932,20973,
 4182, 3959,21114,
 4101, 3986,21258,
 4024, 4013,21402,
 3950, 4040,21545,
 3880, 4066,21685,
 3814, 4092,21821,
 1153, 3660,20741,
10709, 3683,20870,
 7890, 3706,20998,
 6581, 3728,21123,
 5866, 3749,21245,
 5433, 3770,21366,
 5127, 3792,21489,
 4874, 3815,21617,
 4690, 3837,21746,
 4554, 3862,21884,
 4442, 3887,22026,
 4341, 3912,22168,
 4247, 3937,22310,
 4156, 3961,22448,
 4071, 3985,22584,
 3989, 4008,22712,
 3913, 4030,22835,
  118,  158,  672,
 2110,  190,  806,
 2121,  219,  930,
 2191,  249, 1060,
 2276,  280, 1192,
 2379, 5352, 1338,
 2490, 5959, 1490,
 2595, 6880, 1720,
 2689, 7917, 1979,
 2771, 8968, 2242,
 2841,10018, 2505,
 2899,11063, 2766,
 2944,12072, 3018,
 2976,13059, 3265,
 2995,14018, 3504,
 3002,14947, 3737,
 3000,  932, 3960,
  155, 2721, 1360,
 2421, 3004, 1502,
 2332, 3297, 1648,
 2332, 3576, 1788,
 2371, 3857, 1928,
 2435, 4156, 2078,
 2529, 4524, 2262,
 2633, 4992, 2496,
 2727, 5478, 2739,
 2808, 5962, 2981,
 2875, 6434, 3217,
 2929, 6904, 3452,
 2970, 7370, 3685,
 2999, 7831, 3916,
 3016, 8283, 4142,
 3022, 8726, 4363,
 3018, 9155, 4577,
  191, 2858, 2143,
 2695, 3039, 2279,
 2538, 3238, 2428,
 2504, 3455, 2592,
 2500, 3665, 2749,
 2521, 3863, 2897,
 2580, 4096, 3072,
 2675, 4407, 3305,
 2763, 4715, 3536,
 2839, 5018, 3763,
 2902, 5319, 3990,
 2953, 5619, 4214,
 2992, 5917, 4438,
 3020, 6212, 4659,
 3036, 6504, 4878,
 3042, 6790, 5093,
 3038, 7072, 5304,
 3814, 3027, 3027,
 2965, 3157, 3157,
 2733, 3289, 3289,
 2664, 3433, 3433,
 2648, 3596, 3596,
 2651, 3763, 3763,
 2665, 3911, 3911,
 2726, 4116, 4116,
 2800, 4346, 4346,
 2868, 4576, 4576,
 2927, 4804, 4804,
 2976, 5030, 5030,
 3015, 5255, 5255,
 3042, 5476, 5476,
 3059, 5696, 5696,
 3065, 5912, 5912,
 3062, 6126, 6126,
 4390, 3197, 3996,
 3258, 3291, 4114,
 2949, 3381, 4226,
 2833, 3470, 4338,
 2782, 3568, 4460,
 2771, 3693, 4616,
 2789, 3844, 4804,
 2804, 3976, 4971,
 2850, 4147, 5184,
 2905, 4332, 5415,
 2958, 4520, 5650,
 3005, 4707, 5884,
 3042, 4893, 6116,
 3070, 5076, 6345,
 3087, 5258, 6572,
 3093, 5436, 6795,
 3092, 5614, 7017,
 5360, 3365, 5047,
 3730, 3439, 5158,
 3261, 3500, 5249,
 3060, 3555, 5333,
 2956, 3616, 5424,
 2905, 3691, 5537,
 2896, 3795, 5693,
 2900, 3909, 5864,
 2915, 4024, 6037,
 2958, 4174, 6261,
 3005, 4332, 6499,
 3048, 4493, 6739,
 3084, 4652, 6979,
 3111, 4811, 7216,
 3128, 4967, 7451,
 3134, 5122, 7683,
 3132, 5276, 7914,
 6707, 3497, 6119,
 4313, 3554, 6219,
 3618, 3604, 6306,
 3319, 3649, 6387,
 3164, 3696, 6467,
 3079, 3747, 6558,
 3036, 3812, 6670,
 3013, 3890, 6807,
 2993, 3959, 6928,
 3019, 4070, 7123,
 3062, 4208, 7365,
 3104, 4350, 7612,
 3140, 4491, 7860,
 3166, 4632, 8105,
 3181, 4770, 8348,
 3185, 4907, 8588,
 3181, 5043, 8825,
 8019, 3592, 7185,
 4903, 3641, 7283,
 3981, 3685, 7371,
 3581, 3726, 7451,
 3376, 3765, 7529,
 3261, 3805, 7610,
 3198, 3852, 7705,
 3157, 3911, 7821,
 3125, 3972, 7944,
 3111, 4035, 8069,
 3132, 4133, 8266,
 3173, 4261, 8522,
 3207, 4389, 8779,
 3230, 4517, 9033,
 3241, 4641, 9282,
 3242, 4763, 9526,
 3235, 4883, 9766,
 9328, 3665, 8246,
 5504, 3708, 8343,
 4358, 3747, 8432,
 3855, 3784, 8514,
 3596, 3819, 8593,
 3453, 3854, 8673,
 3371, 3893, 8760,
 3317, 3940, 8866,
 3274, 3996, 8992,
 3252, 4054, 9122,
 3241, 4114, 9256,
 3254, 4202, 9454,
 3284, 4319, 9718,
 3302, 4434, 9977,
 3308, 4546,10228,
 3305, 4655,10473,
 3293, 4760,10711,
10636, 3716, 9291,
 6121, 3755, 9388,
 4750, 3791, 9478,
 4144, 3825, 9563,
 3830, 3858, 9645,
 3657, 3891, 9726,
 3559, 3925, 9814,
 3493, 3967, 9917,
 3438, 4018,10045,
 3405, 4071,10178,
 3384, 4126,10314,
 3368, 4182,10454,
 3369, 4260,10650,
 3380, 4364,10909,
 3380, 4464,11159,
 3371, 4560,11401,
 3355, 4653,11633,
11936, 3750,10312,
 6751, 3785,10408,
 5160, 3818,10500,
 4450, 3850,10588,
 4083, 3881,10673,
 3880, 3912,10759,
 3762, 3945,10849,
 3683, 3983,10953,
 3614, 4029,11080,
 3567, 4077,11213,
 3534, 4126,11346,
 3506, 4175,11480,
 3479, 4224,11617,
 3463, 4294,11809,
 3456, 4383,12052,
 3440, 4467,12285,
 3419, 4549,12509,
13232, 3765,11296,
 7393, 3798,11393,
 5588, 3829,11486,
 4778, 3859,11577,
 4356, 3889,11666,
 4119, 3919,11756,
 3979, 3949,11848,
 3883, 3983,11950,
 3797, 4025,12074,
 3735, 4067,12201,
 3688, 4109,12328,
 3647, 4152,12455,
 3606, 4194,12581,
 3563, 4236,12708,
 3534, 4298,12894,
 3511, 4372,13117,
 3484, 4444,13331,
14518, 3765,12236,
 8048, 3795,12333,
 6034, 3824,12427,
 5124, 3853,12521,
 4644, 3881,12612,
 4372, 3909,12704,
 4206, 3937,12796,
 4090, 3968,12895,
 3984, 4004,13013,
 3905, 4041,13135,
 3843, 4078,13254,
 3788, 4115,13373,
 3734, 4150,13489,
 3677, 4185,13602,
 3621, 4221,13717,
 3584, 4278,13902,
 3556, 4343,14116,
15805, 3751,13129,
 8716, 3779,13227,
 6496, 3807,13323,
 5484, 3834,13418,
 4946, 3860,13510,
 4635, 3886,13602,
 4441, 3912,13693,
 4302, 3940,13791,
 4175, 3972,13903,
 4078, 4005,14017,
 3998, 4037,14129,
 3928, 4068,14238,
 3859, 4098,14344,
 3791, 4128,14449,
 3728, 4159,14557,
 3672, 4194,14681,
 3640, 4254,14889,
17102, 3729,13982,
 9395, 3755,14081,
 6969, 3781,14178,
 5856, 3806,14272,
 5258, 3831,14365,
 4907, 3855,14456,
 4683, 3879,14547,
 4518, 3905,14643,
 4367, 3933,14749,
 4250, 3961,14855,
 4153, 3989,14958,
 4066, 4016,15059,
 3987, 4044,15164,
 3915, 4073,15274,
 3847, 4102,15384,
 3783, 4132,15495,
 3731, 4171,15643,
18409, 3701,14802,
10084, 3725,14900,
 7454, 3749,14996,
 6238, 3772,15090,
 5581, 3796,15183,
 5187, 3818,15273,
 4931, 3841,15363,
 4736, 3864,15456,
 4559, 3889,15556,
 4421, 3914,15654,
 4311, 3939,15757,
 4217, 3966,15864,
 4130, 3993,15973,
 4048, 4020,16081,
 3971, 4047,16189,
 3897, 4073,16294,
 3828, 4099,16394,
 1161, 3669,15593,
10787, 3692,15689,
 7951, 3714,15785,
 6633, 3736,15878,
 5912, 3758,15970,
 5474, 3779,16060,
 5182, 3800,16149,
 4950, 3821,16239,
 4755, 3845,16340,
 4609, 3869,16445,
 4488, 3895,16552,
 4380, 3920,16659,
 4279, 3945,16766,
 4183, 3969,16869,
 4093, 3993,16969,
 4007, 4015,17065,
 3927, 4036,17154,
  146,  190,  644,
 2319,  219,  745,
 2240,  245,  833,
 2276,  271,  922,
 2343,  298, 1015,
 2418, 5575, 1115,
 2505, 6149, 1230,
 2606, 7046, 1409,
 2699, 8081, 1616,
 2781, 9125, 1825,
 2850,10166, 2033,
 2907,11195, 2239,
 2950,12195, 2439,
 2981,13174, 2635,
 3000,14128, 2826,
 3007,15054, 3011,
 3004,  938, 3188,
  174, 2917, 1167,
 2580, 3211, 1285,
 2452, 3517, 1407,
 2424, 3793, 1517,
 2450, 4074, 1630,
 2500, 4372, 1749,
 2561, 4684, 1874,
 2644, 5081, 2032,
 2737, 5562, 2225,
 2817, 6039, 2415,
 2883, 6507, 2603,
 2935, 6973, 2789,
 2976, 7436, 2974,
 3004, 7895, 3158,
 3021, 8346, 3338,
 3026, 8786, 3515,
 3022, 9215, 3686,
  199, 2978, 1787,
 2806, 3173, 1904,
 2648, 3392, 2035,
 2612, 3632, 2179,
 2597, 3857, 2314,
 2607, 4061, 2437,
 2639, 4260, 2556,
 2692, 4475, 2685,
 2772, 4766, 2859,
 2846, 5068, 3041,
 2909, 5368, 3221,
 2959, 5667, 3400,
 2998, 5964, 3578,
 3025, 6259, 3755,
 3041, 6550, 3930,
 3047, 6837, 4102,
 3043, 7119, 4271,
 3906, 3123, 2498,
 3088, 3267, 2614,
 2862, 3420, 2736,
 2786, 3580, 2864,
 2756, 3752, 3002,
 2739, 3914, 3131,
 2733, 4046, 3237,
 2748, 4177, 3342,
 2808, 4383, 3507,
 2875, 4612, 3690,
 2934, 4841, 3873,
 2983, 5067, 4054,
 3021, 5291, 4233,
 3048, 5514, 4411,
 3065, 5734, 4587,
 3071, 5950, 4760,
 3068, 6165, 4932,
 4668, 3274, 3274,
 3448, 3382, 3382,
 3101, 3486, 3486,
 2959, 3587, 3587,
 2887, 3689, 3689,
 2852, 3804, 3804,
 2841, 3931, 3931,
 2832, 4037, 4037,
 2860, 4180, 4180,
 2914, 4364, 4364,
 2966, 4552, 4552,
 3012, 4740, 4740,
 3050, 4927, 4927,
 3077, 5111, 5111,
 3094, 5294, 5294,
 3100, 5474, 5474,
 3098, 5652, 5652,
 5603, 3408, 4090,
 3849, 3485, 4182,
 3341, 3550, 4260,
 3123, 3611, 4333,
 3011, 3675, 4411,
 2952, 3750, 4500,
 2931, 3847, 4617,
 2948, 3983, 4780,
 2947, 4086, 4903,
 2973, 4222, 5066,
 3014, 4378, 5254,
 3054, 4540, 5448,
 3089, 4703, 5644,
 3116, 4865, 5839,
 3133, 5026, 6032,
 3139, 5185, 6222,
 3137, 5343, 6411,
 6798, 3524, 4933,
 4357, 3580, 5012,
 3647, 3629, 5080,
 3340, 3675, 5145,
 3182, 3720, 5208,
 3095, 3772, 5280,
 3051, 3836, 5370,
 3040, 3925, 5494,
 3048, 4034, 5647,
 3048, 4126, 5777,
 3077, 4254, 5956,
 3113, 4396, 6154,
 3145, 4541, 6357,
 3170, 4686, 6561,
 3185, 4830, 6763,
 3189, 4973, 6962,
 3185, 5113, 7158,
 8103, 3615, 5783,
 4945, 3664, 5862,
 4010, 3707, 5931,
 3604, 3747, 5995,
 3395, 3786, 6057,
 3278, 3827, 6123,
 3213, 3874, 6198,
 3180, 3933, 6293,
 3162, 4007, 6411,
 3141, 4072, 6516,
 3151, 4166, 6666,
 3184, 4294, 6870,
 3215, 4425, 7080,
 3237, 4557, 7291,
 3247, 4686, 7497,
 3248, 4813, 7701,
 3240, 4937, 7899,
 9406, 3684, 6631,
 5547, 3727, 6709,
 4388, 3766, 6780,
 3879, 3803, 6845,
 3617, 3838, 6908,
 3472, 3874, 6973,
 3389, 3913, 7043,
 3342, 3959, 7127,
 3310, 4016, 7230,
 3280, 4076, 7337,
 3261, 4137, 7446,
 3268, 4225, 7605,
 3294, 4344, 7820,
 3310, 4463, 8034,
 3316, 4579, 8243,
 3311, 4692, 8445,
 3300, 4801, 8643,
10714, 3733, 7466,
 6164, 3772, 7543,
 4783, 3808, 7616,
 4170, 3842, 7684,
 3855, 3875, 7750,
 3680, 3908, 7816,
 3580, 3943, 7886,
 3520, 3983, 7966,
 3478, 4032, 8064,
 3437, 4086, 8172,
 3408, 4141, 8282,
 3385, 4198, 8396,
 3381, 4278, 8556,
 3390, 4385, 8769,
 3389, 4488, 8976,
 3379, 4588, 9176,
 3362, 4684, 9368,
12016, 3765, 8282,
 6798, 3800, 8359,
 5196, 3833, 8433,
 4481, 3865, 8503,
 4111, 3897, 8573,
 3906, 3928, 8642,
 3787, 3961, 8715,
 3713, 3998, 8795,
 3658, 4040, 8889,
 3603, 4088, 8994,
 3561, 4138, 9103,
 3526, 4187, 9211,
 3493, 4237, 9321,
 3474, 4308, 9478,
 3465, 4400, 9680,
 3449, 4488, 9873,
 3427, 4572,10058,
13319, 3779, 9069,
 7445, 3811, 9147,
 5629, 3843, 9222,
 4813, 3873, 9295,
 4388, 3903, 9367,
 4150, 3933, 9440,
 4008, 3964, 9514,
 3915, 3997, 9593,
 3845, 4034, 9681,
 3774, 4076, 9782,
 3718, 4119, 9885,
 3670, 4161, 9986,
 3623, 4203,10087,
 3576, 4246,10190,
 3544, 4310,10343,
 3521, 4387,10529,
 3493, 4461,10705,
14614, 3777, 9820,
 8106, 3807, 9898,
 6080, 3836, 9975,
 5163, 3865,10050,
 4680, 3894,10124,
 4405, 3922,10197,
 4237, 3950,10271,
 4124, 3980,10348,
 4036, 4012,10432,
 3949, 4049,10528,
 3877, 4086,10624,
 3814, 4122,10718,
 3753, 4158,10811,
 3692, 4193,10901,
 3632, 4228,10994,
 3595, 4288,11150,
 3567, 4358,11330,
15911, 3762,10534,
 8780, 3790,10613,
 6546, 3818,10691,
 5527, 3845,10767,
 4985, 3872,10841,
 4671, 3898,10914,
 4474, 3924,10988,
 4339, 3951,11063,
 4231, 3980,11143,
 4124, 4012,11233,
 4035, 4044,11322,
 3956, 4075,11410,
 3881, 4105,11494,
 3809, 4135,11579,
 3743, 4167,11667,
 3686, 4204,11770,
 3654, 4266,11946,
17217, 3739,11217,
 9464, 3765,11296,
 7023, 3791,11373,
 5903, 3816,11449,
 5300, 3841,11523,
 4945, 3865,11596,
 4717, 3889,11668,
 4559, 3914,11742,
 4426, 3940,11819,
 4298, 3968,11903,
 4191, 3995,11985,
 4097, 4022,12067,
 4014, 4051,12153,
 3937, 4081,12242,
 3866, 4110,12331,
 3798, 4140,12420,
 3746, 4181,12544,
18532, 3710,11872,
10159, 3735,11950,
 7512, 3758,12027,
 6289, 3782,12103,
 5625, 3805,12176,
 5227, 3827,12248,
 4966, 3850,12320,
 4781, 3872,12391,
 4620, 3895,12465,
 4472, 3920,12544,
 4354, 3946,12629,
 4253, 3974,12716,
 4160, 4001,12803,
 4074, 4028,12890,
 3991, 4055,12975,
 3914, 4081,13059,
 3842, 4106,13139,
 1168, 3678,12504,
10867, 3700,12581,
 8013, 3723,12657,
 6686, 3745,12732,
 5958, 3766,12804,
 5514, 3787,12876,
 5219, 3808,12946,
 5005, 3828,13016,
 4823, 3852,13097,
 4665, 3877,13182,
 4535, 3903,13269,
 4419, 3928,13355,
 4311, 3953,13439,
 4209, 3977,13522,
 4114, 4000,13601,
 4025, 4022,13676,
 3941, 4043,13746,
  152,  200,  567,
 2393,  231,  654,
 2300,  257,  727,
 2335,  286,  809,
 2401,  318,  901,
 2475, 6028, 1005,
 2549, 6676, 1113,
 2624, 7340, 1223,
 2709, 8243, 1374,
 2790, 9278, 1546,
 2859,10313, 1719,
 2914,11323, 1887,
 2957,12315, 2052,
 2987,13289, 2215,
 3004,14239, 2373,
 3011,15160, 2527,
 3008,  944, 2675,
 2979, 3018, 1006,
 2673, 3358, 1119,
 2559, 3722, 1241,
 2523, 4041, 1347,
 2538, 4359, 1453,
 2577, 4681, 1560,
 2627, 4998, 1666,
 2684, 5308, 1769,
 2749, 5659, 1886,
 2825, 6113, 2038,
 2890, 6578, 2193,
 2942, 7041, 2347,
 2981, 7502, 2501,
 3009, 7959, 2653,
 3025, 8408, 2803,
 3031, 8848, 2949,
 3027, 9276, 3092,
 3574, 3085, 1543,
 2982, 3317, 1659,
 2802, 3572, 1786,
 2744, 3839, 1919,
 2708, 4075, 2037,
 2699, 4279, 2139,
 2717, 4475, 2237,
 2749, 4657, 2328,
 2788, 4839, 2420,
 2854, 5117, 2558,
 2916, 5415, 2708,
 2965, 5714, 2857,
 3004, 6010, 3005,
 3031, 6305, 3153,
 3047, 6597, 3298,
 3052, 6883, 3442,
 3048, 7166, 3583,
 4440, 3229, 2152,
 3359, 3393, 2262,
 3042, 3561, 2374,
 2924, 3735, 2490,
 2870, 3914, 2610,
 2835, 4077, 2718,
 2815, 4208, 2805,
 2818, 4333, 2888,
 2833, 4455, 2970,
 2884, 4651, 3101,
 2941, 4878, 3252,
 2989, 5104, 3403,
 3027, 5329, 3552,
 3055, 5551, 3701,
 3071, 5771, 3848,
 3077, 5989, 3993,
 3074, 6205, 4137,
 5369, 3362, 2801,
 3749, 3480, 2900,
 3285, 3594, 2995,
 3094, 3705, 3087,
 2998, 3815, 3179,
 2947, 3932, 3277,
 2919, 4055, 3379,
 2899, 4157, 3464,
 2894, 4254, 3545,
 2923, 4396, 3663,
 2974, 4583, 3819,
 3020, 4771, 3976,
 3057, 4958, 4132,
 3085, 5144, 4286,
 3101, 5327, 4439,
 3108, 5508, 4590,
 3106, 5688, 4740,
 6262, 3475, 3475,
 4129, 3558, 3558,
 3513, 3632, 3632,
 3251, 3704, 3704,
 3117, 3777, 3777,
 3044, 3856, 3856,
 3007, 3947, 3947,
 2996, 4057, 4057,
 2980, 4148, 4148,
 2986, 4252, 4252,
 3024, 4406, 4406,
 3063, 4569, 4569,
 3098, 4733, 4733,
 3125, 4897, 4897,
 3141, 5059, 5059,
 3148, 5218, 5218,
 3146, 5377, 5377,
 7081, 3559, 4152,
 4490, 3618, 4221,
 3733, 3671, 4283,
 3406, 3721, 4341,
 3237, 3771, 4400,
 3144, 3825, 4462,
 3094, 3888, 4536,
 3074, 3971, 4633,
 3085, 4088, 4769,
 3086, 4188, 4887,
 3099, 4302, 5019,
 3127, 4439, 5179,
 3156, 4585, 5349,
 3179, 4733, 5522,
 3193, 4881, 5694,
 3197, 5025, 5863,
 3193, 5169, 6030,
 8185, 3637, 4849,
 4986, 3685, 4914,
 4038, 3729, 4971,
 3626, 3768, 5025,
 3414, 3807, 5076,
 3296, 3848, 5130,
 3230, 3895, 5193,
 3195, 3955, 5273,
 3186, 4036, 5381,
 3191, 4137, 5515,
 3187, 4223, 5631,
 3206, 4340, 5786,
 3229, 4470, 5959,
 3247, 4603, 6138,
 3256, 4736, 6315,
 3255, 4866, 6488,
 3247, 4994, 6659,
 9484, 3703, 5555,
 5590, 3746, 5619,
 4418, 3785, 5678,
 3904, 3822, 5733,
 3638, 3857, 5785,
 3492, 3893, 5839,
 3408, 3932, 5898,
 3360, 3979, 5969,
 3333, 4038, 6057,
 3318, 4111, 6167,
 3295, 4176, 6264,
 3293, 4261, 6392,
 3310, 4378, 6567,
 3323, 4498, 6748,
 3325, 4617, 6925,
 3320, 4732, 7099,
 3308, 4845, 7268,
10793, 3750, 6250,
 6210, 3789, 6314,
 4815, 3825, 6374,
 4198, 3859, 6431,
 3879, 3892, 6487,
 3703, 3925, 6542,
 3602, 3961, 6602,
 3542, 4002, 6670,
 3503, 4051, 6751,
 3473, 4109, 6848,
 3439, 4166, 6943,
 3409, 4224, 7039,
 3399, 4303, 7172,
 3404, 4411, 7351,
 3400, 4516, 7526,
 3388, 4618, 7697,
 3371, 4717, 7862,
12099, 3779, 6929,
 6845, 3815, 6993,
 5233, 3848, 7055,
 4513, 3881, 7114,
 4140, 3912, 7173,
 3934, 3944, 7232,
 3813, 3978, 7293,
 3737, 4015, 7360,
 3685, 4057, 7437,
 3641, 4105, 7526,
 3593, 4155, 7617,
 3551, 4204, 7708,
 3512, 4255, 7800,
 3489, 4327, 7933,
 3477, 4420, 8104,
 3459, 4510, 8269,
 3437, 4597, 8427,
13406, 3792, 7584,
 7498, 3825, 7649,
 5671, 3856, 7713,
 4850, 3887, 7774,
 4421, 3918, 7835,
 4181, 3948, 7895,
 4036, 3979, 7958,
 3942, 4012, 8024,
 3874, 4048, 8097,
 3815, 4089, 8177,
 3753, 4131, 8263,
 3696, 4174, 8348,
 3643, 4216, 8432,
 3591, 4259, 8517,
 3556, 4324, 8648,
 3531, 4403, 8807,
 3503, 4479, 8958,
14711, 3789, 8210,
 8165, 3819, 8275,
 6128, 3849, 8340,
 5204, 3878, 8403,
 4717, 3907, 8464,
 4439, 3935, 8526,
 4268, 3964, 8588,
 4152, 3993, 8652,
 4068, 4025, 8720,
 3992, 4059, 8795,
 3913, 4096, 8875,
 3842, 4132, 8953,
 3775, 4168, 9031,
 3708, 4202, 9105,
 3645, 4238, 9183,
 3608, 4301, 9319,
 3580, 4374, 9477,
16020, 3773, 8805,
 8845, 3802, 8871,
 6598, 3830, 8936,
 5571, 3857, 9000,
 5025, 3883, 9061,
 4707, 3910, 9122,
 4507, 3936, 9183,
 4369, 3963, 9246,
 4265, 3990, 9311,
 4170, 4020, 9381,
 4073, 4052, 9455,
 3986, 4083, 9527,
 3904, 4113, 9597,
 3828, 4144, 9668,
 3759, 4176, 9744,
 3701, 4214, 9833,
 3669, 4280, 9986,
17333, 3749, 9373,
 9535, 3776, 9440,
 7079, 3802, 9504,
 5950, 3827, 9567,
 5343, 3851, 9629,
 4984, 3876, 9690,
 4752, 3900, 9749,
 4589, 3924, 9810,
 4463, 3949, 9872,
 4347, 3975, 9938,
 4231, 4002,10006,
 4130, 4030,10075,
 4042, 4059,10148,
 3961, 4089,10222,
 3885, 4119,10296,
 3814, 4148,10371,
 3762, 4192,10481,
18657, 3720, 9919,
10235, 3744, 9984,
 7571, 3768,10048,
 6340, 3792,10111,
 5670, 3814,10171,
 5267, 3837,10231,
 5002, 3859,10290,
 4812, 3881,10350,
 4664, 3903,10408,
 4525, 3928,10473,
 4399, 3954,10545,
 4291, 3982,10618,
 4191, 4009,10691,
 4099, 4036,10763,
 4013, 4063,10834,
 3932, 4089,10903,
 3856, 4113,10968,
 1176, 3686,10445,
10949, 3709,10509,
 8075, 3731,10572,
 6739, 3753,10634,
 6005, 3774,10694,
 5555, 3795,10752,
 5255, 3816,10811,
 5042, 3837,10871,
 4883, 3860,10937,
 4724, 3885,11008,
 4583, 3911,11080,
 4458, 3936,11152,
 4343, 3961,11222,
 4236, 3985,11290,
 4136, 4008,11355,
 4042, 4029,11417,
 3955, 4049,11473,
  158,  210,  510,
 2530,  252,  612,
 2424,  287,  698,
 2435,  323,  784,
 2480,  360,  874,
 2538, 6756,  965,
 2602, 7399, 1057,
 2669, 8040, 1149,
 2734, 8677, 1240,
 2800, 9452, 1350,
 2867,10454, 1493,
 2921,11453, 1636,
 2963,12437, 1777,
 2992,13405, 1915,
 3009,14354, 2051,
 3015,15268, 2181,
 3011,  950, 2307,
 3471, 3235,  924,
 2938, 3637, 1039,
 2740, 4042, 1155,
 2653, 4376, 1250,
 2635, 4695, 1341,
 2654, 5014, 1433,
 2692, 5329, 1523,
 2740, 5631, 1609,
 2789, 5922, 1692,
 2838, 6217, 1776,
 2897, 6649, 1900,
 2948, 7109, 2031,
 2987, 7568, 2162,
 3014, 8023, 2292,
 3030, 8471, 2420,
 3035, 8911, 2546,
 3031, 9338, 2668,
 4347, 3261, 1397,
 3302, 3509, 1504,
 2994, 3774, 1618,
 2884, 4053, 1737,
 2819, 4294, 1840,
 2788, 4496, 1927,
 2792, 4687, 2009,
 2813, 4864, 2085,
 2842, 5033, 2157,
 2872, 5201, 2229,
 2923, 5464, 2342,
 2972, 5761, 2469,
 3010, 6057, 2596,
 3036, 6352, 2722,
 3052, 6642, 2847,
 3057, 6930, 2970,
 3053, 7212, 3091,
 5243, 3354, 1916,
 3686, 3526, 2015,
 3237, 3703, 2116,
 3064, 3886, 2221,
 2984, 4073, 2327,
 2930, 4238, 2421,
 2896, 4368, 2496,
 2888, 4493, 2567,
 2896, 4614, 2637,
 2911, 4736, 2706,
 2949, 4916, 2809,
 2996, 5141, 2938,
 3034, 5366, 3066,
 3061, 5589, 3194,
 3077, 5810, 3320,
 3083, 6029, 3445,
 3080, 6245, 3569,
 6149, 3454, 2467,
 4072, 3578, 2556,
 3477, 3699, 2642,
 3231, 3817, 2726,
 3108, 3935, 2811,
 3042, 4060, 2900,
 3003, 4186, 2990,
 2972, 4289, 3063,
 2960, 4385, 3132,
 2960, 4481, 3201,
 2984, 4616, 3297,
 3028, 4802, 3430,
 3065, 4990, 3564,
 3093, 5177, 3698,
 3109, 5361, 3829,
 3115, 5543, 3959,
 3113, 5725, 4089,
 6998, 3545, 3038,
 4444, 3631, 3113,
 3701, 3713, 3183,
 3385, 3794, 3252,
 3225, 3876, 3322,
 3138, 3962, 3396,
 3091, 4056, 3477,
 3066, 4161, 3567,
 3040, 4249, 3642,
 3026, 4330, 3711,
 3035, 4436, 3802,
 3073, 4597, 3940,
 3108, 4762, 4082,
 3135, 4926, 4223,
 3151, 5089, 4362,
 3157, 5250, 4500,
 3154, 5410, 4637,
 7761, 3613, 3613,
 4787, 3677, 3677,
 3913, 3738, 3738,
 3536, 3796, 3796,
 3343, 3854, 3854,
 3236, 3914, 3914,
 3177, 3982, 3982,
 3145, 4060, 4060,
 3133, 4156, 4156,
 3120, 4244, 4244,
 3114, 4332, 4332,
 3139, 4466, 4466,
 3168, 4613, 4613,
 3191, 4762, 4762,
 3204, 4910, 4910,
 3207, 5055, 5055,
 3202, 5199, 5199,
 8487, 3667, 4191,
 5130, 3718, 4249,
 4129, 3764, 4302,
 3693, 3807, 4351,
 3469, 3849, 4399,
 3344, 3892, 4449,
 3274, 3941, 4504,
 3235, 4001, 4572,
 3219, 4078, 4660,
 3227, 4184, 4781,
 3230, 4286, 4898,
 3232, 4387, 5013,
 3247, 4512, 5156,
 3261, 4645, 5308,
 3267, 4779, 5461,
 3265, 4910, 5612,
 3257, 5040, 5760,
 9566, 3722, 4785,
 5632, 3765, 4841,
 4448, 3804, 4891,
 3929, 3841, 4938,
 3661, 3876, 4983,
 3513, 3912, 5030,
 3428, 3952, 5081,
 3379, 4000, 5142,
 3352, 4059, 5219,
 3343, 4139, 5321,
 3344, 4235, 5445,
 3332, 4317, 5550,
 3335, 4423, 5686,
 3340, 4540, 5837,
 3339, 4659, 5990,
 3331, 4776, 6141,
 3318, 4892, 6289,
10871, 3766, 5381,
 6255, 3805, 5436,
 4848, 3841, 5488,
 4226, 3876, 5537,
 3904, 3909, 5584,
 3728, 3943, 5633,
 3626, 3979, 5684,
 3564, 4021, 5744,
 3524, 4070, 5814,
 3498, 4131, 5901,
 3477, 4201, 6002,
 3445, 4263, 6089,
 3425, 4339, 6199,
 3422, 4443, 6347,
 3414, 4548, 6497,
 3400, 4651, 6645,
 3381, 4752, 6789,
12182, 3794, 5962,
 6895, 3830, 6018,
 5270, 3864, 6071,
 4545, 3896, 6123,
 4170, 3928, 6173,
 3962, 3961, 6224,
 3840, 3995, 6277,
 3763, 4032, 6336,
 3708, 4074, 6402,
 3667, 4123, 6479,
 3629, 4178, 6566,
 3583, 4230, 6647,
 3537, 4280, 6726,
 3508, 4352, 6838,
 3492, 4444, 6984,
 3471, 4535, 7126,
 3447, 4623, 7265,
13495, 3806, 6524,
 7551, 3838, 6580,
 5714, 3870, 6635,
 4887, 3901, 6688,
 4455, 3932, 6741,
 4212, 3962, 6793,
 4065, 3994, 6847,
 3968, 4027, 6903,
 3899, 4063, 6966,
 3842, 4104, 7035,
 3789, 4148, 7111,
 3727, 4192, 7186,
 3667, 4233, 7257,
 3609, 4276, 7330,
 3571, 4342, 7443,
 3544, 4422, 7580,
 3515, 4500, 7714,
14810, 3801, 7060,
 8226, 3832, 7116,
 6176, 3862, 7172,
 5245, 3891, 7226,
 4755, 3920, 7280,
 4473, 3948, 7332,
 4299, 3977, 7385,
 4181, 4006, 7440,
 4094, 4038, 7499,
 4021, 4072, 7562,
 3950, 4109, 7631,
 3873, 4145, 7698,
 3799, 4181, 7764,
 3727, 4215, 7827,
 3660, 4251, 7894,
 3623, 4316, 8016,
 3595, 4391, 8155,
16127, 3785, 7569,
 8912, 3813, 7627,
 6650, 3841, 7683,
 5616, 3868, 7737,
 5065, 3895, 7790,
 4744, 3921, 7842,
 4540, 3947, 7895,
 4399, 3974, 7948,
 4292, 4002, 8004,
 4201, 4031, 8062,
 4112, 4062, 8124,
 4017, 4093, 8185,
 3930, 4123, 8246,
 3850, 4154, 8308,
 3778, 4187, 8373,
 3717, 4226, 8452,
 3685, 4294, 8588,
17453, 3760, 8057,
 9607, 3786, 8113,
 7135, 3812, 8169,
 5998, 3837, 8223,
 5386, 3862, 8275,
 5022, 3886, 8327,
 4787, 3910, 8379,
 4620, 3934, 8430,
 4492, 3959, 8483,
 4382, 3984, 8537,
 4271, 4011, 8594,
 4165, 4039, 8655,
 4072, 4069, 8719,
 3985, 4098, 8782,
 3905, 4128, 8846,
 3831, 4158, 8909,
 3777, 4204, 9008,
18786, 3729, 8523,
10312, 3753, 8579,
 7632, 3777, 8634,
 6391, 3801, 8688,
 5715, 3823, 8739,
 5307, 3846, 8791,
 5038, 3868, 8841,
 4844, 3890, 8891,
 4692, 3912, 8941,
 4570, 3936, 8997,
 4446, 3963, 9058,
 4329, 3990, 9121,
 4223, 4018, 9184,
 4125, 4045, 9245,
 4034, 4071, 9305,
 3949, 4097, 9364,
 3869, 4121, 9418,
 1184, 3695, 8974,
11030, 3718, 9029,
 8139, 3740, 9082,
 6794, 3761, 9135,
 6052, 3782, 9186,
 5597, 3803, 9236,
 5292, 3823, 9285,
 5079, 3845, 9339,
 4919, 3869, 9396,
 4779, 3894, 9456,
 4632, 3919, 9518,
 4498, 3944, 9579,
 4376, 3969, 9639,
 4262, 3993, 9697,
 4157, 4015, 9751,
 4059, 4036, 9802,
 3968, 4056, 9850,
 3529,  256,  545,
 2869, 5108,  638,
 2615, 5698,  712,
 2559, 6294,  787,
 2569, 6908,  863,
 2606, 7536,  942,
 2657, 8162, 1020,
 2715, 8788, 1098,
 2774, 9404, 1176,
 2827, 9998, 1250,
 2877,10638, 1330,
 2928,11579, 1447,
 2969,12558, 1570,
 2997,13520, 1690,
 3014,14464, 1808,
 3020,15375, 1922,
 3016,  956, 2032,
 4358, 3577,  894,
 3282, 3978,  995,
 2945, 4394, 1098,
 2791, 4729, 1182,
 2736, 5045, 1261,
 2733, 5362, 1341,
 2757, 5669, 1417,
 2794, 5964, 1491,
 2836, 6244, 1561,
 2875, 6504, 1626,
 2910, 6760, 1690,
 2955, 7177, 1794,
 2993, 7635, 1909,
 3020, 8087, 2022,
 3035, 8535, 2134,
 3040, 8972, 2243,
 3035, 9401, 2350,
 5216, 3461, 1298,
 3654, 3714, 1393,
 3199, 3984, 1494,
 3027, 4269, 1601,
 2930, 4515, 1693,
 2876, 4714, 1768,
 2864, 4898, 1837,
 2874, 5071, 1902,
 2895, 5238, 1964,
 2919, 5403, 2026,
 2942, 5565, 2087,
 2978, 5809, 2178,
 3016, 6105, 2289,
 3042, 6398, 2399,
 3058, 6689, 2508,
 3062, 6977, 2617,
 3058, 7260, 2723,
 6091, 3489, 1744,
 4037, 3664, 1832,
 3442, 3847, 1923,
 3207, 4036, 2018,
 3095, 4226, 2113,
 3024, 4396, 2198,
 2974, 4527, 2263,
 2956, 4649, 2325,
 2956, 4770, 2385,
 2965, 4892, 2446,
 2977, 5012, 2506,
 3004, 5179, 2590,
 3041, 5403, 2702,
 3068, 5627, 2814,
 3084, 5849, 2925,
 3089, 6069, 3035,
 3086, 6286, 3143,
 6961, 3551, 2220,
 4417, 3679, 2299,
 3679, 3803, 2377,
 3370, 3927, 2454,
 3217, 4052, 2533,
 3135, 4183, 2615,
 3086, 4316, 2697,
 3045, 4419, 2762,
 3025, 4515, 2822,
 3020, 4612, 2882,
 3021, 4708, 2943,
 3037, 4835, 3022,
 3073, 5022, 3139,
 3101, 5210, 3256,
 3117, 5395, 3372,
 3123, 5579, 3487,
 3121, 5761, 3601,
 7772, 3617, 2713,
 4775, 3706, 2779,
 3896, 3793, 2845,
 3521, 3881, 2910,
 3333, 3970, 2978,
 3230, 4063, 3047,
 3173, 4164, 3123,
 3141, 4271, 3204,
 3108, 4359, 3269,
 3088, 4441, 3330,
 3079, 4523, 3392,
 3085, 4628, 3471,
 3118, 4791, 3593,
 3145, 4957, 3717,
 3161, 5121, 3840,
 3166, 5282, 3962,
 3163, 5444, 4083,
 8488, 3669, 3210,
 5109, 3737, 3270,
 4105, 3803, 3327,
 3671, 3868, 3384,
 3450, 3934, 3442,
 3329, 4001, 3501,
 3261, 4075, 3565,
 3221, 4155, 3636,
 3200, 4248, 3717,
 3177, 4332, 3790,
 3158, 4406, 3855,
 3155, 4497, 3935,
 3180, 4640, 4060,
 3203, 4790, 4191,
 3215, 4938, 4321,
 3217, 5084, 4449,
 3212, 5229, 4576,
 9184, 3713, 3713,
 5439, 3768, 3768,
 4317, 3819, 3819,
 3827, 3869, 3869,
 3576, 3918, 3918,
 3437, 3969, 3969,
 3359, 4023, 4023,
 3313, 4085, 4085,
 3287, 4158, 4158,
 3277, 4249, 4249,
 3264, 4336, 4336,
 3250, 4416, 4416,
 3261, 4538, 4538,
 3274, 4671, 4671,
 3279, 4805, 4805,
 3277, 4937, 4937,
 3268, 5066, 5066,
 9878, 3748, 4217,
 5779, 3793, 4267,
 4541, 3834, 4313,
 3996, 3873, 4357,
 3716, 3911, 4400,
 3561, 3949, 4443,
 3473, 3991, 4490,
 3421, 4040, 4545,
 3391, 4100, 4613,
 3377, 4177, 4699,
 3378, 4276, 4811,
 3374, 4374, 4920,
 3362, 4466, 5024,
 3359, 4578, 5150,
 3354, 4695, 5282,
 3343, 4812, 5414,
 3329, 4929, 5545,
10952, 3783, 4729,
 6301, 3822, 4778,
 4883, 3858, 4823,
 4256, 3893, 4866,
 3931, 3927, 4908,
 3753, 3961, 4951,
 3649, 3997, 4997,
 3587, 4040, 5049,
 3546, 4089, 5112,
 3519, 4151, 5188,
 3502, 4227, 5284,
 3491, 4315, 5394,
 3463, 4389, 5486,
 3448, 4483, 5604,
 3432, 4585, 5731,
 3414, 4688, 5859,
 3394, 4790, 5987,
12266, 3809, 5237,
 6945, 3845, 5287,
 5309, 3879, 5333,
 4579, 3912, 5378,
 4201, 3944, 5423,
 3991, 3977, 5468,
 3867, 4011, 5516,
 3788, 4049, 5568,
 3732, 4091, 5626,
 3689, 4140, 5693,
 3653, 4198, 5773,
 3619, 4263, 5861,
 3570, 4315, 5933,
 3534, 4383, 6027,
 3510, 4473, 6150,
 3486, 4562, 6273,
 3459, 4651, 6395,
13586, 3819, 5729,
 7608, 3852, 5778,
 5758, 3884, 5826,
 4925, 3915, 5873,
 4490, 3946, 5920,
 4244, 3977, 5966,
 4095, 4009, 6013,
 3996, 4042, 6063,
 3924, 4079, 6118,
 3865, 4119, 6179,
 3813, 4165, 6247,
 3761, 4214, 6321,
 3696, 4256, 6385,
 3633, 4298, 6448,
 3590, 4363, 6545,
 3558, 4442, 6663,
 3528, 4522, 6783,
14913, 3814, 6197,
 8288, 3844, 6247,
 6225, 3875, 6296,
 5288, 3904, 6344,
 4793, 3933, 6391,
 4508, 3961, 6437,
 4331, 3990, 6483,
 4210, 4019, 6531,
 4121, 4051, 6583,
 4045, 4085, 6638,
 3976, 4122, 6699,
 3906, 4161, 6762,
 3825, 4196, 6819,
 3748, 4230, 6874,
 3678, 4266, 6933,
 3640, 4334, 7042,
 3610, 4410, 7166,
16241, 3796, 6643,
 8980, 3825, 6693,
 6704, 3853, 6743,
 5662, 3880, 6790,
 5106, 3907, 6837,
 4781, 3933, 6882,
 4574, 3959, 6928,
 4429, 3986, 6975,
 4319, 4013, 7023,
 4226, 4042, 7074,
 4140, 4073, 7128,
 4050, 4104, 7183,
 3957, 4135, 7236,
 3873, 4166, 7291,
 3798, 4199, 7348,
 3735, 4240, 7420,
 3701, 4309, 7541,
17575, 3770, 7069,
 9681, 3797, 7119,
 7193, 3823, 7168,
 6047, 3848, 7215,
 5429, 3872, 7260,
 5061, 3896, 7306,
 4822, 3920, 7350,
 4652, 3944, 7395,
 4520, 3969, 7441,
 4406, 3994, 7488,
 4304, 4020, 7538,
 4201, 4049, 7593,
 4102, 4079, 7648,
 4010, 4109, 7704,
 3926, 4138, 7760,
 3848, 4168, 7815,
 3794, 4216, 7905,
18915, 3739, 7477,
10391, 3763, 7526,
 7692, 3787, 7574,
 6443, 3810, 7620,
 5761, 3833, 7665,
 5348, 3855, 7710,
 5074, 3877, 7753,
 4876, 3898, 7797,
 4722, 3920, 7841,
 4600, 3946, 7891,
 4488, 3972, 7944,
 4367, 4000, 7999,
 4255, 4027, 8054,
 4151, 4054, 8108,
 4055, 4080, 8159,
 3966, 4105, 8210,
 3884, 4129, 8258,
 1192, 3704, 7870,
11113, 3726, 7918,
 8202, 3748, 7965,
 6848, 3770, 8011,
 6099, 3791, 8055,
 5639, 3811, 8098,
 5331, 3831, 8141,
 5118, 3854, 8190,
 4955, 3878, 8240,
 4817, 3903, 8293,
 4679, 3928, 8347,
 4537, 3953, 8400,
 4408, 3977, 8451,
 4289, 4001, 8501,
 4178, 4023, 8548,
 4076, 4043, 8592,
 3981, 4062, 8631,
 4477,  309,  583,
 3244, 5980,  664,
 2827, 6555,  728,
 2697, 7138,  793,
 2666, 7742,  860,
 2679, 8345,  927,
 2715, 8957,  995,
 2763, 9561, 1062,
 2814,10160, 1129,
 2862,10726, 1192,
 2904,11254, 1250,
 2938,11791, 1310,
 2975,12677, 1409,
 3003,13634, 1515,
 3019,14572, 1619,
 3024,15482, 1720,
 3020,  963, 1818,
 5283, 3947,  877,
 3653, 4345,  966,
 3163, 4764, 1059,
 2938, 5098, 1133,
 2842, 5410, 1202,
 2814, 5720, 1271,
 2822, 6019, 1337,
 2848, 6304, 1401,
 2881, 6571, 1460,
 2914, 6824, 1516,
 2944, 7073, 1572,
 2969, 7320, 1627,
 2999, 7699, 1711,
 3025, 8151, 1811,
 3040, 8598, 1911,
 3045, 9036, 2008,
 3040, 9463, 2103,
 6120, 3677, 1226,
 4026, 3931, 1310,
 3416, 4203, 1401,
 3177, 4489, 1496,
 3044, 4739, 1580,
 2964, 4932, 1644,
 2934, 5109, 1703,
 2933, 5278, 1759,
 2946, 5444, 1815,
 2964, 5606, 1869,
 2983, 5766, 1922,
 2999, 5927, 1976,
 3022, 6151, 2050,
 3048, 6445, 2148,
 3063, 6737, 2246,
 3068, 7025, 2342,
 3064, 7309, 2436,
 6968, 3632, 1614,
 4407, 3810, 1693,
 3658, 3994, 1775,
 3353, 4184, 1860,
 3206, 4378, 1946,
 3115, 4551, 2023,
 3050, 4682, 2081,
 3020, 4803, 2135,
 3013, 4923, 2188,
 3016, 5045, 2242,
 3024, 5164, 2295,
 3033, 5285, 2349,
 3048, 5442, 2419,
 3075, 5666, 2518,
 3091, 5888, 2617,
 3096, 6109, 2715,
 3093, 6328, 2812,
 7805, 3654, 2030,
 4778, 3782, 2101,
 3888, 3908, 2171,
 3512, 4034, 2241,
 3325, 4165, 2314,
 3226, 4304, 2391,
 3166, 4442, 2468,
 3115, 4546, 2526,
 3088, 4642, 2579,
 3077, 4738, 2632,
 3074, 4835, 2686,
 3074, 4934, 2741,
 3083, 5057, 2809,
 3109, 5243, 2913,
 3126, 5430, 3016,
 3132, 5615, 3120,
 3129, 5798, 3221,
 8559, 3692, 2461,
 5119, 3782, 2521,
 4099, 3873, 2582,
 3661, 3966, 2644,
 3440, 4061, 2707,
 3320, 4160, 2774,
 3254, 4267, 2845,
 3215, 4380, 2920,
 3175, 4470, 2980,
 3150, 4552, 3034,
 3136, 4634, 3090,
 3128, 4719, 3146,
 3131, 4824, 3216,
 3155, 4987, 3325,
 3171, 5152, 3435,
 3176, 5316, 3544,
 3173, 5477, 3651,
 9244, 3726, 2898,
 5441, 3797, 2953,
 4304, 3867, 3008,
 3809, 3937, 3062,
 3557, 4010, 3119,
 3419, 4083, 3176,
 3342, 4163, 3238,
 3297, 4249, 3305,
 3269, 4344, 3379,
 3240, 4428, 3444,
 3217, 4503, 3502,
 3201, 4579, 3562,
 3196, 4673, 3635,
 3215, 4818, 3747,
 3226, 4967, 3864,
 3228, 5114, 3978,
 3222, 5259, 4090,
 9909, 3760, 3342,
 5763, 3817, 3393,
 4512, 3873, 3442,
 3965, 3928, 3491,
 3684, 3984, 3541,
 3529, 4041, 3592,
 3442, 4102, 3646,
 3391, 4169, 3706,
 3360, 4244, 3772,
 3340, 4331, 3850,
 3319, 4414, 3924,
 3294, 4485, 3987,
 3280, 4569, 4061,
 3288, 4696, 4175,
 3292, 4831, 4294,
 3288, 4962, 4411,
 3279, 5093, 4527,
10577, 3788, 3788,
 6094, 3835, 3835,
 4734, 3880, 3880,
 4134, 3925, 3925,
 3825, 3969, 3969,
 3656, 4014, 4014,
 3560, 4063, 4063,
 3502, 4116, 4116,
 3467, 4178, 4178,
 3443, 4251, 4251,
 3429, 4338, 4338,
 3409, 4421, 4421,
 3381, 4493, 4493,
 3374, 4601, 4601,
 3367, 4718, 4718,
 3356, 4835, 4835,
 3340, 4951, 4951,
11272, 3807, 4230,
 6451, 3847, 4274,
 4980, 3884, 4316,
 4327, 3921, 4357,
 3991, 3957, 4397,
 3805, 3994, 4438,
 3698, 4033, 4481,
 3633, 4078, 4531,
 3590, 4129, 4588,
 3559, 4190, 4656,
 3537, 4264, 4737,
 3523, 4352, 4835,
 3500, 4435, 4928,
 3472, 4519, 5021,
 3451, 4616, 5129,
 3429, 4718, 5242,
 3406, 4819, 5355,
12352, 3824, 4674,
 6996, 3860, 4718,
 5349, 3894, 4759,
 4614, 3928, 4800,
 4233, 3960, 4840,
 4021, 3993, 4881,
 3894, 4028, 4923,
 3813, 4066, 4970,
 3756, 4109, 5022,
 3711, 4158, 5082,
 3674, 4216, 5153,
 3643, 4285, 5237,
 3611, 4360, 5329,
 3567, 4424, 5407,
 3533, 4506, 5507,
 3503, 4593, 5613,
 3473, 4680, 5720,
13681, 3833, 5110,
 7668, 3866, 5155,
 5803, 3898, 5198,
 4965, 3930, 5240,
 4526, 3961, 5282,
 4277, 3992, 5323,
 4125, 4024, 5365,
 4024, 4057, 5410,
 3950, 4094, 5458,
 3889, 4134, 5512,
 3835, 4180, 5573,
 3784, 4232, 5643,
 3729, 4286, 5714,
 3662, 4328, 5770,
 3612, 4389, 5852,
 3575, 4466, 5954,
 3543, 4546, 6061,
15017, 3826, 5527,
 8354, 3857, 5571,
 6276, 3887, 5615,
 5331, 3917, 5658,
 4831, 3946, 5700,
 4543, 3974, 5741,
 4363, 4003, 5782,
 4240, 4033, 5825,
 4147, 4064, 5871,
 4069, 4098, 5920,
 3998, 4135, 5973,
 3929, 4176, 6032,
 3855, 4216, 6090,
 3773, 4249, 6138,
 3700, 4286, 6191,
 3659, 4353, 6288,
 3627, 4430, 6399,
16355, 3808, 5923,
 9050, 3836, 5968,
 6759, 3865, 6012,
 5708, 3892, 6054,
 5148, 3918, 6095,
 4818, 3944, 6136,
 4608, 3970, 6176,
 4460, 3997, 6217,
 4347, 4025, 6261,
 4250, 4053, 6305,
 4161, 4084, 6353,
 4076, 4117, 6404,
 3986, 4149, 6454,
 3899, 4181, 6504,
 3819, 4214, 6555,
 3754, 4255, 6619,
 3718, 4325, 6728,
17699, 3781, 6301,
 9755, 3807, 6345,
 7252, 3833, 6389,
 6097, 3858, 6430,
 5474, 3883, 6471,
 5100, 3906, 6511,
 4857, 3930, 6550,
 4683, 3954, 6590,
 4548, 3978, 6631,
 4431, 4003, 6672,
 4329, 4030, 6717,
 4234, 4061, 6768,
 4133, 4091, 6818,
 4036, 4120, 6867,
 3948, 4150, 6916,
 3866, 4179, 6964,
 3810, 4229, 7048,
19050, 3748, 6663,
10471, 3772, 6707,
 7755, 3796, 6749,
 6495, 3819, 6790,
 5807, 3842, 6830,
 5388, 3864, 6869,
 5110, 3885, 6907,
 4908, 3907, 6946,
 4755, 3930, 6987,
 4630, 3955, 7032,
 4518, 3982, 7079,
 4405, 4010, 7128,
 4287, 4037, 7177,
 4177, 4063, 7223,
 4077, 4089, 7269,
 3983, 4113, 7312,
 3898, 4138, 7357,
 1201, 3712, 7012,
11199, 3735, 7055,
 8268, 3757, 7096,
 6903, 3778, 7136,
 6146, 3799, 7175,
 5680, 3819, 7213,
 5372, 3840, 7253,
 5158, 3863, 7296,
 4992, 3887, 7342,
 4850, 3912, 7389,
 4717, 3937, 7436,
 4576, 3962, 7483,
 4439, 3986, 7529,
 4314, 4009, 7572,
 4198, 4030, 7612,
 4092, 4050, 7650,
 3993, 4068, 7683,
 5447, 6183,  618,
 3642, 6877,  688,
 3056, 7440,  744,
 2846, 8011,  801,
 2772, 8594,  859,
 2758, 9187,  919,
 2777, 9777,  978,
 2812,10357, 1036,
 2855,10925, 1093,
 2897,11464, 1146,
 2933,11966, 1197,
 2963,12453, 1245,
 2986,12954, 1295,
 3008,13750, 1375,
 3024,14683, 1468,
 3028,15591, 1559,
 3024,16470, 1647,
 6230, 4340,  868,
 4046, 4730,  946,
 3392, 5144, 1029,
 3093, 5479, 1096,
 2954, 5787, 1157,
 2898, 6086, 1217,
 2888, 6375, 1275,
 2902, 6648, 1330,
 2926, 6904, 1381,
 2952, 7149, 1430,
 2977, 7392, 1478,
 2998, 7630, 1526,
 3014, 7872, 1574,
 3030, 8214, 1643,
 3045, 8662, 1732,
 3050, 9098, 1820,
 3045, 9526, 1905,
 7040, 3904, 1171,
 4417, 4157, 1247,
 3644, 4429, 1329,
 3330, 4714, 1414,
 3159, 4965, 1489,
 3052, 5150, 1545,
 3004, 5321, 1596,
 2990, 5485, 1646,
 2995, 5649, 1695,
 3007, 5808, 1742,
 3021, 5966, 1790,
 3033, 6123, 1837,
 3043, 6284, 1885,
 3054, 6492, 1947,
 3069, 6785, 2036,
 3074, 7073, 2122,
 3070, 7358, 2207,
 7864, 3783, 1513,
 4791, 3961, 1584,
 3882, 4144, 1658,
 3503, 4334, 1733,
 3318, 4527, 1811,
 3205, 4704, 1882,
 3124, 4834, 1934,
 3082, 4954, 1982,
 3067, 5074, 2030,
 3064, 5193, 2077,
 3068, 5313, 2125,
 3073, 5433, 2173,
 3076, 5555, 2222,
 3082, 5706, 2282,
 3098, 5928, 2371,
 3103, 6150, 2460,
 3100, 6370, 2548,
 8654, 3760, 1880,
 5148, 3887, 1944,
 4104, 4013, 2006,
 3657, 4142, 2071,
 3434, 4277, 2138,
 3314, 4420, 2210,
 3244, 4563, 2282,
 3183, 4669, 2335,
 3147, 4764, 2382,
 3130, 4861, 2431,
 3123, 4958, 2479,
 3121, 5057, 2529,
 3118, 5158, 2579,
 3119, 5282, 2641,
 3134, 5465, 2732,
 3140, 5651, 2826,
 3138, 5836, 2918,
 9360, 3768, 2261,
 5473, 3859, 2316,
 4308, 3953, 2372,
 3803, 4049, 2429,
 3547, 4149, 2489,
 3408, 4254, 2553,
 3332, 4366, 2620,
 3287, 4485, 2691,
 3241, 4577, 2746,
 3209, 4659, 2796,
 3191, 4743, 2846,
 3181, 4829, 2897,
 3172, 4917, 2950,
 3169, 5024, 3015,
 3181, 5184, 3111,
 3186, 5349, 3209,
 3182, 5511, 3307,
10009, 3785, 2650,
 5783, 3858, 2700,
 4507, 3931, 2752,
 3949, 4005, 2804,
 3664, 4082, 2857,
 3508, 4162, 2914,
 3421, 4248, 2973,
 3370, 4339, 3037,
 3338, 4438, 3107,
 3305, 4525, 3167,
 3276, 4600, 3220,
 3257, 4677, 3274,
 3241, 4758, 3330,
 3231, 4853, 3397,
 3238, 4997, 3498,
 3239, 5144, 3601,
 3233, 5289, 3702,
10641, 3807, 3046,
 6093, 3866, 3093,
 4712, 3926, 3140,
 4103, 3985, 3188,
 3791, 4046, 3237,
 3619, 4109, 3287,
 3523, 4176, 3341,
 3466, 4249, 3399,
 3431, 4328, 3462,
 3407, 4416, 3533,
 3380, 4500, 3600,
 3351, 4571, 3657,
 3325, 4644, 3715,
 3306, 4730, 3784,
 3305, 4857, 3885,
 3300, 4989, 3991,
 3290, 5119, 4095,
11283, 3827, 3445,
 6417, 3877, 3489,
 4932, 3926, 3533,
 4274, 3974, 3577,
 3935, 4024, 3622,
 3749, 4075, 3668,
 3644, 4130, 3717,
 3581, 4189, 3770,
 3541, 4255, 3829,
 3512, 4328, 3896,
 3489, 4412, 3971,
 3461, 4490, 4041,
 3424, 4556, 4100,
 3393, 4630, 4167,
 3381, 4741, 4267,
 3368, 4858, 4373,
 3352, 4974, 4477,
11949, 3841, 3841,
 6764, 3883, 3883,
 5174, 3924, 3924,
 4467, 3965, 3965,
 4102, 4006, 4006,
 3901, 4049, 4049,
 3786, 4095, 4095,
 3714, 4144, 4144,
 3666, 4198, 4198,
 3629, 4260, 4260,
 3598, 4329, 4329,
 3571, 4407, 4407,
 3535, 4480, 4480,
 3490, 4543, 4543,
 3465, 4636, 4636,
 3442, 4737, 4737,
 3418, 4838, 4838,
12675, 3845, 4229,
 7153, 3882, 4270,
 5452, 3917, 4309,
 4692, 3953, 4348,
 4298, 3988, 4387,
 4078, 4024, 4426,
 3947, 4061, 4467,
 3863, 4101, 4512,
 3803, 4146, 4560,
 3755, 4196, 4616,
 3714, 4253, 4678,
 3677, 4318, 4750,
 3642, 4393, 4832,
 3596, 4460, 4906,
 3554, 4534, 4987,
 3519, 4618, 5080,
 3487, 4705, 5176,
13780, 3846, 4616,
 7727, 3880, 4656,
 5851, 3913, 4695,
 5006, 3945, 4733,
 4562, 3976, 4771,
 4310, 4007, 4808,
 4155, 4039, 4846,
 4052, 4072, 4887,
 3975, 4109, 4930,
 3912, 4149, 4979,
 3856, 4195, 5034,
 3803, 4247, 5096,
 3752, 4305, 5167,
 3697, 4364, 5237,
 3638, 4420, 5303,
 3595, 4492, 5390,
 3561, 4572, 5486,
15124, 3839, 4990,
 8420, 3870, 5031,
 6327, 3900, 5070,
 5375, 3930, 5109,
 4871, 3959, 5147,
 4579, 3987, 5184,
 4395, 4016, 5221,
 4270, 4046, 5260,
 4174, 4077, 5300,
 4093, 4111, 5344,
 4020, 4148, 5392,
 3949, 4188, 5445,
 3877, 4232, 5501,
 3802, 4273, 5555,
 3726, 4310, 5602,
 3680, 4375, 5688,
 3645, 4451, 5786,
16473, 3819, 5347,
 9122, 3848, 5387,
 6814, 3876, 5427,
 5756, 3903, 5465,
 5190, 3930, 5502,
 4856, 3956, 5538,
 4641, 3982, 5575,
 4490, 4008, 5611,
 4375, 4036, 5650,
 4275, 4064, 5690,
 4183, 4094, 5732,
 4096, 4127, 5778,
 4013, 4164, 5829,
 3926, 4198, 5878,
 3843, 4230, 5922,
 3775, 4272, 5981,
 3736, 4342, 6079,
17826, 3791, 5687,
 9831, 3818, 5726,
 7310, 3844, 5765,
 6147, 3868, 5803,
 5518, 3893, 5839,
 5141, 3917, 5875,
 4892, 3940, 5910,
 4715, 3964, 5945,
 4576, 3988, 5982,
 4457, 4013, 6019,
 4355, 4041, 6061,
 4259, 4071, 6107,
 4163, 4103, 6155,
 4063, 4133, 6200,
 3970, 4162, 6243,
 3885, 4190, 6286,
 3827, 4242, 6363,
19187, 3758, 6012,
10552, 3782, 6051,
 7818, 3806, 6089,
 6548, 3829, 6126,
 5854, 3851, 6161,
 5430, 3873, 6196,
 5146, 3894, 6230,
 4941, 3915, 6265,
 4788, 3939, 6303,
 4661, 3965, 6344,
 4546, 3992, 6387,
 4434, 4020, 6431,
 4318, 4047, 6475,
 4203, 4073, 6517,
 4098, 4098, 6557,
 4000, 4122, 6595,
 3913, 4148, 6636,
 1209, 3721, 6326,
11284, 3743, 6364,
 8335, 3765, 6401,
 6958, 3786, 6436,
 6194, 3806, 6471,
 5723, 3827, 6505,
 5415, 3848, 6542,
 5199, 3872, 6582,
 5030, 3896, 6623,
 4884, 3921, 6665,
 4746, 3946, 6708,
 4610, 3970, 6750,
 4470, 3994, 6790,
 4338, 4016, 6828,
 4218, 4037, 6863,
 4107, 4056, 6896,
 4004, 4073, 6925,
 6420, 7123,  648,
 4057, 7796,  709,
 3298, 8342,  758,
 3004, 8898,  809,
 2883, 9465,  860,
 2841,10034,  912,
 2841,10604,  964,
 2864,11163, 1015,
 2897,11699, 1064,
 2932,12204, 1109,
 2963,12682, 1153,
 2989,13151, 1196,
 3007,13611, 1237,
 3019,14088, 1281,
 3029,14794, 1345,
 3033,15701, 1427,
 3028,16576, 1507,
 7180, 4748,  863,
 4451, 5129,  933,
 3629, 5535, 1006,
 3253, 5868, 1067,
 3069, 6167, 1121,
 2985, 6456, 1174,
 2955, 6734, 1224,
 2955, 6992, 1271,
 2970, 7238, 1316,
 2990, 7475, 1359,
 3010, 7710, 1402,
 3027, 7944, 1444,
 3039, 8175, 1486,
 3046, 8409, 1529,
 3051, 8725, 1586,
 3055, 9162, 1666,
 3050, 9590, 1744,
 7966, 4143, 1130,
 4818, 4391, 1198,
 3877, 4658, 1270,
 3487, 4940, 1347,
 3276, 5190, 1416,
 3140, 5366, 1463,
 3073, 5532, 1509,
 3047, 5693, 1553,
 3042, 5851, 1596,
 3047, 6008, 1639,
 3057, 6164, 1681,
 3066, 6320, 1724,
 3073, 6476, 1766,
 3074, 6634, 1809,
 3075, 6834, 1864,
 3080, 7121, 1942,
 3076, 7408, 2020,
 8755, 3939, 1432,
 5179, 4114, 1496,
 4110, 4296, 1562,
 3655, 4482, 1630,
 3429, 4675, 1700,
 3293, 4855, 1765,
 3195, 4984, 1812,
 3142, 5103, 1856,
 3118, 5221, 1899,
 3110, 5339, 1941,
 3109, 5458, 1985,
 3111, 5577, 2028,
 3111, 5699, 2072,
 3109, 5822, 2117,
 3106, 5973, 2172,
 3110, 6191, 2251,
 3107, 6413, 2332,
 9502, 3869, 1759,
 5521, 3994, 1815,
 4322, 4118, 1872,
 3803, 4248, 1931,
 3542, 4386, 1994,
 3401, 4533, 2060,
 3319, 4681, 2128,
 3248, 4788, 2176,
 3204, 4884, 2220,
 3181, 4980, 2264,
 3170, 5077, 2308,
 3164, 5176, 2353,
 3159, 5277, 2399,
 3151, 5382, 2446,
 3145, 5507, 2503,
 3149, 5688, 2586,
 3146, 5875, 2670,
10159, 3846, 2098,
 5828, 3938, 2148,
 4518, 4033, 2200,
 3946, 4131, 2254,
 3653, 4234, 2310,
 3495, 4344, 2370,
 3407, 4461, 2433,
 3355, 4585, 2501,
 3303, 4680, 2553,
 3266, 4763, 2598,
 3244, 4846, 2643,
 3230, 4933, 2691,
 3218, 5022, 2739,
 3206, 5115, 2790,
 3194, 5224, 2849,
 3196, 5382, 2936,
 3191, 5545, 3025,
10772, 3846, 2447,
 6126, 3919, 2494,
 4713, 3994, 2542,
 4089, 4072, 2591,
 3770, 4152, 2642,
 3595, 4237, 2696,
 3497, 4328, 2754,
 3440, 4425, 2816,
 3404, 4529, 2882,
 3367, 4618, 2939,
 3334, 4694, 2987,
 3311, 4772, 3037,
 3292, 4853, 3088,
 3272, 4937, 3142,
 3253, 5033, 3203,
 3250, 5174, 3293,
 3243, 5319, 3385,
11372, 3856, 2804,
 6425, 3916, 2848,
 4913, 3978, 2893,
 4243, 4041, 2939,
 3897, 4106, 2986,
 3708, 4174, 3035,
 3601, 4246, 3088,
 3539, 4324, 3145,
 3500, 4409, 3206,
 3473, 4501, 3273,
 3441, 4585, 3335,
 3408, 4657, 3387,
 3378, 4730, 3440,
 3349, 4805, 3495,
 3322, 4890, 3556,
 3312, 5016, 3648,
 3301, 5145, 3742,
11988, 3867, 3164,
 6740, 3919, 3206,
 5130, 3970, 3248,
 4413, 4022, 3291,
 4043, 4076, 3335,
 3839, 4133, 3381,
 3724, 4193, 3430,
 3656, 4257, 3483,
 3612, 4328, 3541,
 3580, 4405, 3604,
 3552, 4488, 3672,
 3517, 4565, 3735,
 3476, 4631, 3789,
 3435, 4696, 3842,
 3398, 4770, 3903,
 3381, 4882, 3994,
 3363, 4997, 4088,
12632, 3875, 3522,
 7081, 3919, 3562,
 5371, 3963, 3603,
 4607, 4008, 3643,
 4212, 4054, 3685,
 3995, 4101, 3728,
 3870, 4152, 3775,
 3792, 4206, 3824,
 3739, 4265, 3877,
 3698, 4328, 3935,
 3661, 4398, 3998,
 3626, 4472, 4065,
 3582, 4540, 4127,
 3529, 4596, 4178,
 3481, 4660, 4236,
 3455, 4757, 4324,
 3430, 4858, 4416,
13325, 3875, 3875,
 7458, 3913, 3913,
 5644, 3952, 3952,
 4832, 3991, 3991,
 4410, 4030, 4030,
 4173, 4071, 4071,
 4033, 4113, 4113,
 3942, 4157, 4157,
 3877, 4205, 4205,
 3824, 4257, 4257,
 3777, 4313, 4313,
 3731, 4375, 4375,
 3685, 4441, 4441,
 3628, 4498, 4498,
 3569, 4552, 4552,
 3533, 4635, 4635,
 3499, 4721, 4721,
14103, 3865, 4217,
 7888, 3900, 4254,
 5959, 3934, 4291,
 5089, 3967, 4328,
 4632, 4001, 4365,
 4372, 4034, 4401,
 4211, 4068, 4438,
 4104, 4104, 4477,
 4024, 4142, 4518,
 3958, 4183, 4563,
 3897, 4229, 4613,
 3839, 4278, 4667,
 3782, 4333, 4727,
 3725, 4393, 4792,
 3662, 4446, 4850,
 3615, 4516, 4926,
 3578, 4595, 5013,
15235, 3851, 4552,
 8487, 3883, 4589,
 6379, 3913, 4625,
 5420, 3943, 4660,
 4911, 3972, 4694,
 4615, 4001, 4728,
 4428, 4029, 4762,
 4300, 4059, 4797,
 4201, 4090, 4834,
 4118, 4124, 4874,
 4041, 4160, 4917,
 3968, 4201, 4964,
 3895, 4244, 5016,
 3826, 4293, 5074,
 3755, 4338, 5127,
 3704, 4400, 5200,
 3665, 4473, 5286,
16595, 3831, 4875,
 9195, 3860, 4912,
 6870, 3888, 4948,
 5804, 3915, 4983,
 5233, 3941, 5016,
 4894, 3967, 5049,
 4676, 3993, 5082,
 4522, 4020, 5116,
 4402, 4047, 5150,
 4299, 4075, 5187,
 4205, 4105, 5225,
 4117, 4138, 5267,
 4033, 4176, 5315,
 3953, 4216, 5366,
 3868, 4249, 5408,
 3798, 4291, 5462,
 3755, 4360, 5549,
17954, 3802, 5184,
 9909, 3828, 5220,
 7371, 3854, 5255,
 6198, 3879, 5289,
 5563, 3903, 5322,
 5180, 3927, 5355,
 4928, 3950, 5386,
 4746, 3973, 5418,
 4604, 3997, 5451,
 4484, 4023, 5485,
 4381, 4051, 5524,
 4283, 4082, 5567,
 4187, 4115, 5611,
 4091, 4147, 5655,
 3993, 4175, 5693,
 3904, 4203, 5732,
 3845, 4256, 5803,
19324, 3767, 5479,
10634, 3791, 5515,
 7881, 3815, 5549,
 6602, 3838, 5582,
 5900, 3860, 5614,
 5470, 3881, 5645,
 5183, 3903, 5676,
 4976, 3924, 5708,
 4822, 3949, 5744,
 4693, 3974, 5781,
 4575, 4001, 5820,
 4459, 4029, 5861,
 4345, 4057, 5901,
 4228, 4083, 5939,
 4118, 4108, 5975,
 4017, 4131, 6008,
 3928, 4157, 6047,
 1218, 3730, 5764,
11370, 3752, 5798,
 8401, 3773, 5831,
 7013, 3794, 5863,
 6243, 3814, 5895,
 5768, 3835, 5926,
 5460, 3857, 5961,
 5240, 3881, 5997,
 5068, 3905, 6035,
 4917, 3930, 6073,
 4775, 3955, 6112,
 4636, 3979, 6149,
 4498, 4002, 6185,
 4362, 4024, 6219,
 4237, 4044, 6250,
 4121, 4063, 6279,
 4015, 4079, 6303,
 7389, 8064,  672,
 4479, 8716,  726,
 3548, 9250,  771,
 3169, 9789,  816,
 2999,10335,  861,
 2927,10882,  907,
 2907,11425,  952,
 2917,11958,  997,
 2940,12465, 1039,
 2967,12938, 1078,
 2992,13390, 1116,
 3014,13842, 1153,
 3030,14286, 1190,
 3038,14726, 1227,
 3040,15171, 1264,
 3038,15811, 1318,
 3032,16686, 1390,
 8127, 5164,  861,
 4863, 5533,  922,
 3872, 5929,  988,
 3418, 6261, 1043,
 3186, 6548, 1091,
 3072, 6825, 1138,
 3023, 7090, 1182,
 3009, 7334, 1222,
 3014, 7569, 1262,
 3026, 7801, 1300,
 3041, 8028, 1338,
 3054, 8254, 1376,
 3064, 8480, 1413,
 3068, 8706, 1451,
 3066, 8933, 1489,
 3060, 9227, 1538,
 3055, 9656, 1609,
 8885, 4387, 1097,
 5220, 4629, 1157,
 4114, 4890, 1223,
 3645, 5167, 1292,
 3391, 5411, 1353,
 3227, 5581, 1395,
 3142, 5742, 1435,
 3102, 5898, 1474,
 3088, 6052, 1513,
 3087, 6205, 1551,
 3092, 6359, 1590,
 3098, 6513, 1628,
 3101, 6667, 1667,
 3101, 6823, 1706,
 3095, 6981, 1745,
 3086, 7175, 1794,
 3082, 7459, 1865,
 9638, 4099, 1366,
 5568, 4269, 1423,
 4338, 4447, 1482,
 3806, 4629, 1543,
 3539, 4822, 1607,
 3380, 5002, 1667,
 3266, 5131, 1710,
 3200, 5248, 1749,
 3168, 5365, 1788,
 3153, 5481, 1827,
 3148, 5599, 1866,
 3146, 5718, 1906,
 3145, 5839, 1946,
 3140, 5962, 1987,
 3130, 6089, 2030,
 3119, 6239, 2080,
 3115, 6457, 2152,
10333, 3979, 1658,
 5890, 4101, 1709,
 4540, 4224, 1760,
 3949, 4355, 1814,
 3649, 4494, 1872,
 3486, 4643, 1934,
 3392, 4795, 1998,
 3310, 4903, 2043,
 3258, 4998, 2083,
 3230, 5094, 2122,
 3214, 5191, 2163,
 3205, 5290, 2204,
 3197, 5392, 2247,
 3188, 5497, 2290,
 3174, 5606, 2336,
 3160, 5733, 2389,
 3155, 5914, 2464,
10943, 3925, 1963,
 6181, 4017, 2009,
 4728, 4112, 2056,
 4087, 4213, 2106,
 3758, 4318, 2159,
 3579, 4431, 2216,
 3479, 4552, 2276,
 3420, 4680, 2340,
 3363, 4778, 2389,
 3320, 4861, 2430,
 3294, 4945, 2473,
 3276, 5032, 2516,
 3262, 5123, 2561,
 3247, 5216, 2608,
 3228, 5312, 2656,
 3209, 5423, 2712,
 3201, 5580, 2790,
11520, 3907, 2279,
 6465, 3980, 2322,
 4916, 4057, 2367,
 4229, 4137, 2413,
 3874, 4220, 2462,
 3680, 4309, 2514,
 3570, 4404, 2569,
 3507, 4506, 2628,
 3468, 4615, 2692,
 3426, 4707, 2746,
 3389, 4784, 2790,
 3362, 4863, 2837,
 3340, 4945, 2884,
 3317, 5029, 2933,
 3290, 5114, 2983,
 3265, 5211, 3040,
 3254, 5349, 3120,
12089, 3904, 2603,
 6754, 3966, 2644,
 5113, 4029, 2686,
 4381, 4095, 2730,
 4002, 4163, 2775,
 3794, 4235, 2823,
 3677, 4313, 2875,
 3608, 4395, 2930,
 3565, 4485, 2990,
 3536, 4582, 3054,
 3500, 4668, 3112,
 3463, 4741, 3160,
 3430, 4814, 3209,
 3397, 4889, 3259,
 3361, 4963, 3309,
 3327, 5048, 3366,
 3312, 5171, 3448,
12680, 3908, 2931,
 7060, 3960, 2970,
 5327, 4014, 3010,
 4551, 4069, 3052,
 4149, 4127, 3095,
 3928, 4187, 3140,
 3803, 4252, 3189,
 3729, 4321, 3241,
 3680, 4397, 3297,
 3645, 4477, 3358,
 3613, 4563, 3422,
 3574, 4640, 3480,
 3528, 4706, 3529,
 3484, 4771, 3578,
 3437, 4835, 3626,
 3396, 4909, 3682,
 3375, 5019, 3764,
13302, 3909, 3257,
 7393, 3955, 3295,
 5566, 4001, 3334,
 4746, 4049, 3374,
 4321, 4099, 3416,
 4087, 4151, 3459,
 3951, 4206, 3505,
 3867, 4265, 3554,
 3810, 4327, 3606,
 3765, 4394, 3662,
 3724, 4465, 3721,
 3683, 4539, 3782,
 3633, 4605, 3837,
 3576, 4660, 3883,
 3518, 4714, 3928,
 3469, 4778, 3982,
 3442, 4876, 4064,
13977, 3904, 3579,
 7765, 3945, 3616,
 5839, 3986, 3654,
 4973, 4028, 3692,
 4521, 4071, 3732,
 4268, 4116, 3773,
 4116, 4162, 3816,
 4019, 4211, 3860,
 3949, 4262, 3907,
 3892, 4316, 3957,
 3840, 4374, 4009,
 3789, 4434, 4064,
 3735, 4496, 4122,
 3671, 4550, 4171,
 3602, 4594, 4211,
 3545, 4651, 4263,
 3512, 4737, 4342,
14722, 3891, 3891,
 8184, 3928, 3928,
 6149, 3964, 3964,
 5228, 4001, 4001,
 4743, 4037, 4037,
 4466, 4074, 4074,
 4295, 4112, 4112,
 4181, 4152, 4152,
 4096, 4193, 4193,
 4025, 4236, 4236,
 3960, 4282, 4282,
 3895, 4330, 4330,
 3830, 4381, 4381,
 3763, 4433, 4433,
 3689, 4476, 4476,
 3630, 4531, 4531,
 3594, 4611, 4611,
15563, 3869, 4191,
 8653, 3901, 4226,
 6493, 3933, 4260,
 5509, 3964, 4294,
 4985, 3994, 4327,
 4680, 4025, 4360,
 4486, 4055, 4393,
 4352, 4086, 4427,
 4249, 4119, 4462,
 4162, 4153, 4499,
 4082, 4189, 4538,
 4003, 4228, 4580,
 3925, 4269, 4625,
 3852, 4315, 4675,
 3786, 4367, 4730,
 3727, 4423, 4792,
 3685, 4495, 4869,
16718, 3842, 4483,
 9269, 3871, 4517,
 6928, 3899, 4549,
 5853, 3927, 4581,
 5276, 3953, 4612,
 4934, 3979, 4642,
 4711, 4004, 4672,
 4553, 4031, 4703,
 4430, 4058, 4734,
 4324, 4086, 4767,
 4228, 4116, 4802,
 4138, 4150, 4841,
 4054, 4188, 4885,
 3974, 4229, 4934,
 3895, 4270, 4982,
 3822, 4312, 5031,
 3774, 4378, 5108,
18087, 3812, 4765,
 9989, 3839, 4798,
 7431, 3864, 4830,
 6251, 3889, 4861,
 5609, 3913, 4891,
 5220, 3937, 4921,
 4964, 3960, 4950,
 4778, 3983, 4979,
 4633, 4007, 5008,
 4512, 4033, 5041,
 4407, 4062, 5077,
 4308, 4093, 5116,
 4209, 4125, 5157,
 4114, 4159, 5199,
 4017, 4189, 5237,
 3924, 4217, 5271,
 3862, 4269, 5337,
19463, 3777, 5036,
10718, 3801, 5068,
 7945, 3824, 5099,
 6656, 3847, 5129,
 5948, 3869, 5158,
 5512, 3890, 5187,
 5220, 3911, 5215,
 5013, 3933, 5245,
 4857, 3958, 5277,
 4726, 3984, 5312,
 4604, 4011, 5348,
 4485, 4039, 5385,
 4368, 4067, 5422,
 4253, 4094, 5458,
 4139, 4118, 5490,
 4033, 4140, 5520,
 3942, 4167, 5556,
 1227, 3738, 5296,
11459, 3760, 5327,
 8468, 3781, 5357,
 7069, 3802, 5386,
 6292, 3822, 5415,
 5816, 3843, 5444,
 5507, 3866, 5477,
 5283, 3889, 5510,
 5106, 3914, 5545,
 4950, 3938, 5579,
 4803, 3963, 5615,
 4660, 3987, 5649,
 4522, 4010, 5681,
 4385, 4032, 5711,
 4255, 4051, 5739,
 4135, 4068, 5764,
 4025, 4084, 5785,
  491, 8997,  692,
 4905, 9631,  741,
 3802,10149,  781,
 3338,10669,  821,
 3118,11193,  861,
 3015,11718,  901,
 2974,12233,  941,
 2970,12736,  980,
 2983,13210, 1016,
 3002,13653, 1050,
 3021,14087, 1084,
 3039,14520, 1117,
 3051,14947, 1150,
 3058,15369, 1182,
 3057,15791, 1215,
 3049,16216, 1247,
 3037,  988, 1292,
 9056, 5582,  859,
 5275, 5940,  914,
 4116, 6323,  973,
 3584, 6649, 1023,
 3304, 6924, 1065,
 3160, 7189, 1106,
 3091, 7438, 1144,
 3062, 7671, 1180,
 3057, 7896, 1215,
 3062, 8119, 1249,
 3072, 8338, 1283,
 3081, 8559, 1317,
 3088, 8778, 1350,
 3090, 8999, 1384,
 3086, 9220, 1418,
 3074, 9444, 1453,
 3060, 9725, 1496,
 9783, 4631, 1069,
 5619, 4867, 1123,
 4350, 5120, 1182,
 3803, 5390, 1244,
 3505, 5627, 1299,
 3313, 5792, 1337,
 3209, 5947, 1372,
 3156, 6099, 1407,
 3133, 6250, 1442,
 3125, 6399, 1477,
 3125, 6549, 1511,
 3127, 6700, 1546,
 3129, 6852, 1581,
 3126, 7007, 1617,
 3118, 7164, 1653,
 3105, 7324, 1690,
 3089, 7516, 1735,
10491, 4259, 1310,
 5949, 4425, 1361,
 4563, 4596, 1414,
 3956, 4774, 1469,
 3647, 4965, 1528,
 3465, 5146, 1583,
 3335, 5274, 1623,
 3257, 5389, 1658,
 3216, 5504, 1694,
 3195, 5619, 1729,
 3185, 5736, 1765,
 3180, 5855, 1801,
 3176, 5975, 1838,
 3169, 6098, 1876,
 3158, 6225, 1915,
 3141, 6355, 1955,
 3124, 6508, 2002,
11137, 4089, 1573,
 6250, 4207, 1618,
 4754, 4329, 1665,
 4093, 4459, 1715,
 3754, 4599, 1769,
 3569, 4749, 1826,
 3462, 4905, 1886,
 3370, 5014, 1928,
 3310, 5108, 1965,
 3276, 5203, 2001,
 3256, 5301, 2039,
 3244, 5400, 2077,
 3233, 5503, 2116,
 3222, 5608, 2157,
 3207, 5718, 2199,
 3186, 5830, 2242,
 3165, 5959, 2292,
11702, 4004, 1848,
 6526, 4096, 1890,
 4935, 4191, 1934,
 4227, 4292, 1981,
 3862, 4399, 2030,
 3661, 4515, 2084,
 3548, 4639, 2141,
 3483, 4771, 2202,
 3420, 4872, 2249,
 3371, 4955, 2287,
 3341, 5040, 2326,
 3320, 5128, 2367,
 3303, 5219, 2409,
 3286, 5313, 2452,
 3265, 5411, 2497,
 3239, 5509, 2543,
 3213, 5621, 2594,
12244, 3968, 2136,
 6796, 4042, 2177,
 5116, 4119, 2218,
 4366, 4200, 2262,
 3977, 4286, 2308,
 3762, 4379, 2358,
 3641, 4477, 2411,
 3571, 4583, 2468,
 3528, 4697, 2529,
 3483, 4792, 2580,
 3441, 4869, 2622,
 3412, 4950, 2665,
 3386, 5032, 2710,
 3360, 5117, 2755,
 3331, 5202, 2801,
 3298, 5289, 2848,
 3267, 5385, 2900,
12787, 3953, 2433,
 7075, 4016, 2471,
 5308, 4080, 2511,
 4516, 4147, 2552,
 4105, 4218, 2596,
 3878, 4295, 2643,
 3750, 4376, 2693,
 3675, 4464, 2747,
 3629, 4558, 2805,
 3596, 4659, 2867,
 3558, 4747, 2921,
 3516, 4821, 2967,
 3479, 4894, 3012,
 3443, 4969, 3058,
 3404, 5044, 3104,
 3363, 5119, 3150,
 3325, 5202, 3201,
13350, 3948, 2733,
 7373, 4001, 2770,
 5519, 4057, 2809,
 4686, 4114, 2848,
 4253, 4175, 2890,
 4015, 4240, 2935,
 3879, 4308, 2983,
 3799, 4383, 3034,
 3746, 4462, 3089,
 3707, 4547, 3148,
 3673, 4635, 3209,
 3630, 4714, 3264,
 3580, 4779, 3308,
 3532, 4844, 3353,
 3482, 4908, 3398,
 3432, 4971, 3442,
 3388, 5044, 3492,
13953, 3943, 3033,
 7701, 3990, 3069,
 5758, 4039, 3107,
 4884, 4089, 3145,
 4429, 4142, 3186,
 4177, 4198, 3229,
 4030, 4257, 3275,
 3939, 4320, 3323,
 3877, 4387, 3375,
 3829, 4457, 3429,
 3785, 4530, 3484,
 3740, 4605, 3542,
 3686, 4671, 3593,
 3624, 4725, 3635,
 3563, 4779, 3676,
 3503, 4831, 3716,
 3454, 4895, 3766,
14614, 3934, 3329,
 8068, 3976, 3364,
 6032, 4020, 3401,
 5112, 4064, 3439,
 4630, 4111, 3478,
 4359, 4159, 3519,
 4197, 4209, 3561,
 4093, 4261, 3606,
 4018, 4316, 3652,
 3957, 4373, 3700,
 3902, 4432, 3751,
 3846, 4493, 3802,
 3787, 4554, 3854,
 3718, 4606, 3897,
 3645, 4649, 3934,
 3575, 4691, 3969,
 3525, 4754, 4022,
15349, 3918, 3616,
 8483, 3956, 3651,
 6341, 3994, 3687,
 5368, 4033, 3723,
 4854, 4073, 3760,
 4559, 4113, 3797,
 4379, 4155, 3835,
 4257, 4197, 3875,
 4167, 4242, 3916,
 4091, 4288, 3958,
 4022, 4335, 4001,
 3953, 4383, 4046,
 3881, 4432, 4091,
 3807, 4481, 4136,
 3728, 4521, 4173,
 3654, 4558, 4208,
 3609, 4627, 4271,
  950, 3892, 3892,
 8941, 3926, 3926,
 6679, 3959, 3959,
 5646, 3993, 3993,
 5095, 4026, 4026,
 4773, 4060, 4060,
 4569, 4093, 4093,
 4428, 4128, 4128,
 4320, 4163, 4163,
 4228, 4199, 4199,
 4142, 4236, 4236,
 4058, 4274, 4274,
 3975, 4313, 4313,
 3896, 4356, 4356,
 3821, 4401, 4401,
 3747, 4441, 4441,
 3702, 4510, 4510,
17049, 3858, 4155,
 9440, 3888, 4187,
 7045, 3917, 4218,
 5945, 3945, 4249,
 5352, 3973, 4278,
 4999, 4000, 4308,
 4769, 4027, 4337,
 4605, 4054, 4366,
 4477, 4082, 4396,
 4366, 4110, 4426,
 4266, 4139, 4458,
 4173, 4172, 4493,
 4084, 4208, 4531,
 3999, 4246, 4573,
 3920, 4289, 4619,
 3846, 4333, 4667,
 3794, 4396, 4735,
18220, 3823, 4411,
10069, 3849, 4441,
 7493, 3875, 4471,
 6303, 3899, 4499,
 5655, 3923, 4527,
 5261, 3946, 4554,
 5000, 3969, 4580,
 4810, 3992, 4607,
 4662, 4016, 4634,
 4542, 4043, 4665,
 4435, 4072, 4699,
 4332, 4103, 4735,
 4231, 4136, 4772,
 4134, 4170, 4811,
 4039, 4204, 4850,
 3945, 4232, 4883,
 3879, 4283, 4942,
19606, 3786, 4660,
10803, 3810, 4689,
 8010, 3833, 4718,
 6711, 3856, 4745,
 5995, 3877, 4772,
 5553, 3898, 4798,
 5258, 3920, 4824,
 5051, 3943, 4853,
 4893, 3968, 4883,
 4758, 3994, 4915,
 4632, 4021, 4949,
 4510, 4048, 4983,
 4389, 4076, 5016,
 4273, 4103, 5050,
 4159, 4128, 5080,
 4050, 4149, 5107,
 3956, 4177, 5140,
 1236, 3747, 4899,
11547, 3768, 4928,
 8537, 3790, 4956,
 7126, 3810, 4982,
 6342, 3830, 5008,
 5867, 3852, 5037,
 5554, 3875, 5067,
 5326, 3898, 5098,
 5145, 3923, 5130,
 4983, 3947, 5162,
 4832, 3972, 5194,
 4684, 3995, 5225,
 4542, 4018, 5254,
 4405, 4039, 5282,
 4272, 4058, 5306,
 4148, 4074, 5328,
 4034, 4088, 5346,
 9272, 9913,  708,
 5324,10524,  752,
 4055,11027,  788,
 3506,11528,  823,
 3238,12026,  859,
 3103,12527,  895,
 3042,13014,  930,
 3023,13487,  963,
 3025,13925,  995,
 3036,14349, 1025,
 3050,14764, 1055,
 3063,15177, 1084,
 3073,15588, 1113,
 3077,15996, 1143,
 3074,16405, 1172,
 3064,16814, 1201,
 3048,17227, 1230,
 9960, 5994,  856,
 5677, 6338,  905,
 4357, 6709,  958,
 3748, 7029, 1004,
 3421, 7290, 1041,
 3247, 7542, 1077,
 3157, 7775, 1111,
 3115, 7997, 1142,
 3099, 8213, 1173,
 3098, 8428, 1204,
 3102, 8642, 1235,
 3108, 8856, 1265,
 3111, 9070, 1296,
 3111, 9286, 1327,
 3105, 9504, 1358,
 3093, 9724, 1389,
 3074, 9947, 1421,
10647, 4874, 1044,
 6006, 5102, 1093,
 4580, 5346, 1146,
 3958, 5608, 1202,
 3617, 5837, 1251,
 3397, 5997, 1285,
 3274, 6147, 1317,
 3209, 6295, 1349,
 3176, 6441, 1380,
 3162, 6589, 1412,
 3157, 6735, 1443,
 3156, 6884, 1475,
 3155, 7035, 1507,
 3150, 7188, 1540,
 3141, 7343, 1574,
 3126, 7504, 1608,
 3106, 7667, 1643,
11311, 4416, 1262,
 6318, 4577, 1308,
 4782, 4742, 1355,
 4101, 4916, 1405,
 3753, 5105, 1458,
 3548, 5286, 1510,
 3401, 5413, 1547,
 3312, 5526, 1579,
 3262, 5640, 1611,
 3235, 5754, 1644,
 3221, 5870, 1677,
 3213, 5987, 1711,
 3206, 6108, 1745,
 3197, 6231, 1780,
 3185, 6358, 1817,
 3167, 6489, 1854,
 3145, 6624, 1893,
11905, 4197, 1499,
 6598, 4311, 1540,
 4963, 4432, 1583,
 4234, 4561, 1629,
 3857, 4701, 1679,
 3649, 4852, 1733,
 3530, 5011, 1790,
 3428, 5121, 1829,
 3360, 5214, 1862,
 3320, 5309, 1896,
 3296, 5407, 1931,
 3281, 5507, 1967,
 3268, 5610, 2004,
 3255, 5716, 2042,
 3238, 5827, 2081,
 3216, 5940, 2121,
 3190, 6057, 2163,
12431, 4084, 1750,
 6859, 4174, 1789,
 5136, 4269, 1830,
 4364, 4370, 1873,
 3963, 4479, 1920,
 3741, 4596, 1970,
 3616, 4723, 2024,
 3543, 4859, 2082,
 3474, 4962, 2127,
 3420, 5046, 2163,
 3386, 5132, 2199,
 3362, 5221, 2237,
 3343, 5313, 2277,
 3323, 5407, 2317,
 3300, 5505, 2359,
 3272, 5605, 2402,
 3241, 5707, 2446,
12943, 4028, 2014,
 7118, 4103, 2051,
 5312, 4180, 2090,
 4500, 4263, 2131,
 4077, 4351, 2175,
 3843, 4445, 2223,
 3710, 4547, 2274,
 3633, 4658, 2329,
 3586, 4776, 2388,
 3538, 4874, 2437,
 3492, 4953, 2476,
 3459, 5033, 2517,
 3430, 5117, 2558,
 3402, 5202, 2601,
 3370, 5288, 2644,
 3335, 5375, 2687,
 3297, 5462, 2731,
13461, 4002, 2287,
 7387, 4065, 2323,
 5500, 4130, 2360,
 4650, 4199, 2400,
 4206, 4273, 2442,
 3961, 4352, 2487,
 3821, 4437, 2535,
 3740, 4529, 2588,
 3690, 4628, 2644,
 3655, 4733, 2704,
 3613, 4824, 2757,
 3567, 4898, 2799,
 3527, 4972, 2841,
 3487, 5047, 2884,
 3446, 5122, 2927,
 3402, 5196, 2969,
 3357, 5270, 3011,
14003, 3988, 2564,
 7679, 4043, 2599,
 5709, 4099, 2635,
 4821, 4159, 2674,
 4356, 4222, 2714,
 4100, 4290, 2758,
 3954, 4363, 2805,
 3867, 4442, 2855,
 3810, 4525, 2909,
 3768, 4614, 2966,
 3730, 4705, 3025,
 3684, 4785, 3076,
 3630, 4850, 3118,
 3578, 4915, 3160,
 3525, 4979, 3201,
 3473, 5042, 3241,
 3420, 5102, 3280,
14590, 3977, 2841,
 8001, 4026, 2875,
 5947, 4076, 2911,
 5019, 4128, 2949,
 4535, 4184, 2989,
 4265, 4244, 3031,
 4107, 4307, 3076,
 4009, 4374, 3124,
 3943, 4444, 3174,
 3891, 4517, 3227,
 3843, 4593, 3281,
 3796, 4670, 3335,
 3737, 4735, 3382,
 3672, 4790, 3421,
 3607, 4843, 3459,
 3545, 4894, 3496,
 3484, 4943, 3531,
15237, 3964, 3114,
 8366, 4007, 3148,
 6221, 4052, 3184,
 5249, 4100, 3221,
 4739, 4149, 3260,
 4450, 4200, 3300,
 4277, 4254, 3342,
 4165, 4310, 3386,
 4085, 4368, 3432,
 4021, 4428, 3479,
 3962, 4489, 3527,
 3903, 4551, 3576,
 3839, 4612, 3624,
 3765, 4663, 3664,
 3689, 4706, 3697,
 3616, 4747, 3729,
 3550, 4788, 3762,
15963, 3944, 3381,
 8779, 3984, 3414,
 6531, 4024, 3449,
 5506, 4065, 3484,
 4964, 4108, 3521,
 4652, 4151, 3558,
 4459, 4196, 3596,
 4330, 4241, 3636,
 4235, 4289, 3676,
 4156, 4337, 3717,
 4082, 4386, 3760,
 4009, 4435, 3802,
 3933, 4484, 3843,
 3854, 4531, 3884,
 3772, 4570, 3918,
 3695, 4607, 3949,
 3628, 4647, 3983,
16763, 3916, 3636,
 9233, 3951, 3669,
 6868, 3986, 3701,
 5784, 4022, 3734,
 5205, 4057, 3768,
 4867, 4094, 3801,
 4652, 4130, 3835,
 4503, 4168, 3870,
 4390, 4206, 3905,
 4293, 4244, 3941,
 4203, 4283, 3977,
 4115, 4321, 4012,
 4028, 4361, 4049,
 3945, 4403, 4088,
 3864, 4444, 4127,
 3782, 4477, 4157,
 3718, 4524, 4201,
17627, 3879, 3879,
 9721, 3910, 3910,
 7228, 3941, 3941,
 6081, 3971, 3971,
 5462, 4001, 4001,
 5092, 4031, 4031,
 4851, 4060, 4060,
 4680, 4090, 4090,
 4545, 4120, 4120,
 4430, 4150, 4150,
 4327, 4181, 4181,
 4230, 4214, 4214,
 4136, 4248, 4248,
 4045, 4284, 4284,
 3957, 4321, 4321,
 3873, 4356, 4356,
 3811, 4411, 4411,
18557, 3837, 4111,
10243, 3864, 4140,
 7613, 3890, 4168,
 6396, 3916, 4196,
 5730, 3940, 4222,
 5326, 3965, 4248,
 5056, 3988, 4273,
 4860, 4011, 4298,
 4707, 4035, 4324,
 4584, 4062, 4352,
 4471, 4089, 4381,
 4363, 4119, 4413,
 4257, 4150, 4446,
 4156, 4182, 4481,
 4059, 4215, 4516,
 3966, 4247, 4551,
 3897, 4297, 4604,
19751, 3795, 4338,
10889, 3819, 4365,
 8076, 3842, 4391,
 6767, 3865, 4417,
 6043, 3886, 4441,
 5596, 3907, 4465,
 5298, 3928, 4490,
 5090, 3952, 4517,
 4929, 3977, 4545,
 4791, 4004, 4575,
 4661, 4030, 4606,
 4535, 4058, 4637,
 4411, 4085, 4668,
 4292, 4112, 4699,
 4177, 4137, 4728,
 4066, 4159, 4753,
 3970, 4186, 4784,
 1245, 3755, 4560,
11636, 3776, 4586,
 8605, 3797, 4611,
 7183, 3818, 4636,
 6395, 3838, 4660,
 5919, 3860, 4688,
 5602, 3883, 4716,
 5370, 3907, 4745,
 5183, 3932, 4774,
 5017, 3956, 4804,
 4860, 3980, 4833,
 4707, 4003, 4861,
 4561, 4025, 4888,
 4421, 4046, 4913,
 4287, 4064, 4935,
 4160, 4080, 4954,
 4042, 4092, 4969,
10170,10799,  720,
 5732,11392,  759,
 4303,11878,  792,
 3672,12351,  823,
 3355,12827,  855,
 3191,13302,  887,
 3109,13763,  918,
 3076,14206,  947,
 3067,14620,  975,
 3070,15019, 1001,
 3079,  907, 1028,
 3088,  930, 1054,
 3094,  954, 1081,
 3095,  977, 1107,
 3091, 1000, 1134,
 3080,17405, 1160,
 3062,17807, 1187,
10821, 6395,  853,
 6065, 6725,  897,
 4590, 7082,  944,
 3908, 7395,  986,
 3535, 7643, 1019,
 3333, 7882, 1051,
 3222, 8102, 1080,
 3166, 8314, 1109,
 3141, 8522, 1136,
 3132, 8731, 1164,
 3132, 8938, 1192,
 3133, 9147, 1220,
 3134, 9357, 1248,
 3132, 9568, 1276,
 3124, 9781, 1304,
 3110,10000, 1333,
 3091,10221, 1363,
11470, 5110, 1022,
 6378, 5329, 1066,
 4803, 5565, 1113,
 4108, 5818, 1164,
 3725, 6041, 1208,
 3480, 6197, 1239,
 3339, 6342, 1268,
 3261, 6487, 1297,
 3219, 6630, 1326,
 3199, 6774, 1355,
 3189, 6919, 1384,
 3184, 7065, 1413,
 3180, 7214, 1443,
 3174, 7365, 1473,
 3163, 7520, 1504,
 3147, 7680, 1536,
 3126, 7843, 1569,
12089, 4571, 1219,
 6672, 4725, 1260,
 4993, 4885, 1303,
 4244, 5055, 1348,
 3856, 5241, 1398,
 3629, 5422, 1446,
 3467, 5550, 1480,
 3365, 5661, 1510,
 3307, 5773, 1539,
 3275, 5886, 1570,
 3256, 6001, 1600,
 3244, 6118, 1631,
 3235, 6238, 1663,
 3225, 6362, 1696,
 3210, 6489, 1730,
 3191, 6621, 1766,
 3168, 6757, 1802,
12636, 4303, 1434,
 6933, 4414, 1471,
 5165, 4534, 1511,
 4371, 4662, 1554,
 3958, 4801, 1600,
 3728, 4953, 1651,
 3595, 5114, 1705,
 3485, 5225, 1742,
 3409, 5318, 1773,
 3363, 5413, 1804,
 3335, 5511, 1837,
 3316, 5611, 1870,
 3302, 5715, 1905,
 3286, 5822, 1941,
 3267, 5933, 1978,
 3244, 6048, 2016,
 3217, 6165, 2055,
13132, 4162, 1665,
 7182, 4251, 1700,
 5332, 4345, 1738,
 4498, 4447, 1779,
 4062, 4557, 1823,
 3820, 4675, 1870,
 3682, 4805, 1922,
 3601, 4944, 1978,
 3527, 5050, 2020,
 3468, 5134, 2053,
 3430, 5221, 2088,
 3403, 5310, 2124,
 3381, 5403, 2161,
 3359, 5499, 2200,
 3334, 5598, 2239,
 3304, 5697, 2279,
 3271, 5800, 2320,
13614, 4088, 1908,
 7431, 4163, 1943,
 5503, 4241, 1979,
 4633, 4324, 2018,
 4176, 4414, 2060,
 3922, 4511, 2105,
 3778, 4615, 2154,
 3694, 4730, 2207,
 3643, 4852, 2264,
 3591, 4953, 2311,
 3541, 5033, 2349,
 3504, 5114, 2387,
 3473, 5199, 2426,
 3441, 5284, 2466,
 3407, 5371, 2506,
 3369, 5457, 2547,
 3330, 5545, 2588,
14112, 4050, 2160,
 7692, 4114, 2194,
 5689, 4180, 2229,
 4782, 4250, 2267,
 4306, 4326, 2307,
 4042, 4408, 2351,
 3891, 4496, 2398,
 3803, 4592, 2449,
 3749, 4695, 2504,
 3711, 4804, 2562,
 3667, 4899, 2613,
 3617, 4972, 2652,
 3573, 5047, 2692,
 3530, 5122, 2732,
 3486, 5197, 2772,
 3440, 5271, 2811,
 3393, 5345, 2851,
14637, 4028, 2417,
 7977, 4083, 2450,
 5896, 4141, 2485,
 4953, 4203, 2522,
 4459, 4268, 2561,
 4185, 4339, 2604,
 4027, 4416, 2649,
 3933, 4498, 2699,
 3872, 4586, 2752,
 3826, 4678, 2807,
 3787, 4773, 2864,
 3737, 4855, 2913,
 3679, 4919, 2952,
 3624, 4984, 2990,
 3568, 5048, 3029,
 3512, 5110, 3066,
 3458, 5171, 3103,
15210, 4011, 2674,
 8296, 4061, 2707,
 6134, 4112, 2742,
 5153, 4167, 2778,
 4639, 4225, 2817,
 4352, 4288, 2859,
 4183, 4354, 2903,
 4078, 4425, 2950,
 4007, 4499, 2999,
 3951, 4575, 3050,
 3901, 4654, 3102,
 3851, 4733, 3155,
 3788, 4799, 3199,
 3719, 4853, 3235,
 3651, 4905, 3270,
 3586, 4956, 3304,
 3522, 5004, 3336,
15848, 3994, 2929,
 8660, 4038, 2962,
 6409, 4085, 2996,
 5385, 4134, 3032,
 4845, 4186, 3070,
 4539, 4240, 3109,
 4355, 4297, 3151,
 4235, 4356, 3194,
 4151, 4417, 3239,
 4083, 4480, 3286,
 4020, 4544, 3332,
 3958, 4608, 3379,
 3891, 4670, 3425,
 3813, 4720, 3462,
 3733, 4762, 3492,
 3658, 4803, 3522,
 3590, 4844, 3552,
16565, 3971, 3177,
 9070, 4011, 3209,
 6718, 4053, 3243,
 5643, 4096, 3277,
 5072, 4141, 3313,
 4743, 4187, 3350,
 4539, 4234, 3388,
 4402, 4283, 3427,
 4302, 4334, 3467,
 4219, 4385, 3508,
 4142, 4436, 3549,
 4065, 4486, 3589,
 3985, 4536, 3629,
 3903, 4583, 3666,
 3818, 4622, 3698,
 3739, 4659, 3727,
 3666, 4695, 3756,
17357, 3939, 3414,
 9521, 3976, 3445,
 7055, 4013, 3478,
 5922, 4050, 3510,
 5315, 4088, 3543,
 4959, 4127, 3576,
 4733, 4166, 3611,
 4576, 4206, 3645,
 4458, 4247, 3681,
 4356, 4287, 3716,
 4263, 4328, 3751,
 4172, 4368, 3785,
 4083, 4409, 3821,
 3996, 4450, 3857,
 3911, 4490, 3892,
 3825, 4522, 3919,
 3745, 4553, 3946,
18213, 3901, 3641,
10006, 3932, 3670,
 7415, 3965, 3700,
 6219, 3997, 3730,
 5572, 4029, 3760,
 5185, 4061, 3790,
 4934, 4093, 3820,
 4754, 4125, 3850,
 4614, 4158, 3881,
 4495, 4190, 3911,
 4390, 4223, 3942,
 4290, 4258, 3974,
 4193, 4293, 4007,
 4096, 4328, 4039,
 4003, 4362, 4072,
 3911, 4392, 4100,
 3828, 4424, 4129,
19123, 3856, 3856,
10519, 3884, 3884,
 7794, 3912, 3912,
 6531, 3939, 3939,
 5840, 3966, 3966,
 5419, 3992, 3992,
 5137, 4018, 4018,
 4934, 4043, 4043,
 4779, 4070, 4070,
 4651, 4099, 4099,
 4534, 4127, 4127,
 4420, 4156, 4156,
 4307, 4184, 4184,
 4197, 4212, 4212,
 4092, 4241, 4241,
 3994, 4270, 4270,
 3913, 4309, 4309,
20086, 3808, 4062,
11062, 3833, 4088,
 8194, 3856, 4113,
 6857, 3879, 4137,
 6116, 3901, 4161,
 5658, 3922, 4183,
 5355, 3944, 4207,
 5141, 3967, 4231,
 4972, 3991, 4257,
 4828, 4016, 4283,
 4693, 4042, 4311,
 4561, 4068, 4339,
 4433, 4094, 4367,
 4310, 4120, 4394,
 4193, 4145, 4421,
 4082, 4168, 4446,
 3983, 4195, 4475,
 1254, 3763, 4265,
11728, 3785, 4289,
 8674, 3805, 4313,
 7241, 3825, 4335,
 6452, 3847, 4359,
 5972, 3869, 4385,
 5651, 3892, 4411,
 5415, 3916, 4438,
 5222, 3940, 4466,
 5050, 3965, 4493,
 4887, 3988, 4520,
 4730, 4011, 4546,
 4580, 4033, 4570,
 4436, 4052, 4593,
 4300, 4070, 4612,
 4171, 4084, 4629,
 4079, 4095, 4641,
11020,11645,  728,
 6125,12220,  764,
 4542,12687,  793,
 3834,13141,  821,
 3471,13596,  850,
 3277,14046,  878,
 3176,14483,  905,
 3128,14895,  931,
 3109,15289,  956,
 3104,15670,  979,
 3107,  944, 1003,
 3112,  967, 1027,
 3115,  989, 1051,
 3114, 1012, 1075,
 3108, 1035, 1100,
 3095,17983, 1124,
 3077,18378, 1149,
11640, 6781,  848,
 6440, 7098,  887,
 4817, 7442,  930,
 4064, 7748,  968,
 3648, 7986,  998,
 3416, 8209, 1026,
 3287, 8419, 1052,
 3217, 8623, 1078,
 3182, 8826, 1103,
 3167, 9027, 1128,
 3161, 9229, 1154,
 3159, 9432, 1179,
 3157, 9638, 1205,
 3152, 9845, 1231,
 3143,10056, 1257,
 3128,10271, 1284,
 3108,10490, 1311,
12255, 5340, 1001,
 6735, 5551, 1041,
 5019, 5778, 1083,
 4253, 6021, 1129,
 3831, 6239, 1170,
 3561, 6392, 1198,
 3403, 6533, 1225,
 3312, 6674, 1251,
 3261, 6813, 1277,
 3235, 6955, 1304,
 3221, 7097, 1331,
 3212, 7242, 1358,
 3206, 7390, 1386,
 3197, 7541, 1414,
 3185, 7695, 1443,
 3167, 7854, 1473,
 3145, 8018, 1503,
12833, 4721, 1180,
 7011, 4869, 1217,
 5198, 5024, 1256,
 4383, 5191, 1298,
 3957, 5374, 1344,
 3708, 5556, 1389,
 3531, 5683, 1421,
 3418, 5792, 1448,
 3352, 5902, 1476,
 3313, 6015, 1504,
 3290, 6129, 1532,
 3276, 6246, 1562,
 3264, 6366, 1591,
 3251, 6490, 1623,
 3235, 6618, 1654,
 3215, 6750, 1688,
 3191, 6887, 1722,
13339, 4407, 1377,
 7258, 4516, 1411,
 5362, 4633, 1448,
 4506, 4761, 1488,
 4056, 4900, 1531,
 3805, 5051, 1578,
 3659, 5213, 1629,
 3540, 5327, 1665,
 3457, 5420, 1694,
 3406, 5515, 1724,
 3374, 5613, 1754,
 3352, 5713, 1785,
 3334, 5818, 1818,
 3317, 5926, 1852,
 3296, 6037, 1887,
 3271, 6154, 1923,
 3242, 6272, 1960,
13805, 4239, 1590,
 7495, 4327, 1623,
 5523, 4422, 1658,
 4630, 4523, 1696,
 4160, 4633, 1737,
 3897, 4753, 1782,
 3747, 4885, 1832,
 3658, 5027, 1885,
 3579, 5135, 1926,
 3515, 5220, 1958,
 3473, 5308, 1990,
 3443, 5398, 2024,
 3418, 5492, 2059,
 3394, 5589, 2096,
 3366, 5688, 2133,
 3334, 5788, 2171,
 3300, 5891, 2209,
14269, 4149, 1815,
 7735, 4223, 1847,
 5692, 4301, 1882,
 4763, 4385, 1918,
 4275, 4476, 1958,
 4001, 4575, 2001,
 3845, 4683, 2049,
 3753, 4800, 2100,
 3698, 4926, 2155,
 3642, 5030, 2201,
 3589, 5111, 2236,
 3548, 5193, 2272,
 3514, 5278, 2309,
 3480, 5364, 2347,
 3443, 5451, 2385,
 3403, 5538, 2423,
 3362, 5626, 2461,
14746, 4098, 2049,
 7990, 4162, 2081,
 5874, 4229, 2115,
 4912, 4301, 2151,
 4406, 4379, 2189,
 4123, 4463, 2231,
 3961, 4554, 2277,
 3866, 4654, 2327,
 3808, 4761, 2380,
 3767, 4874, 2437,
 3719, 4971, 2485,
 3665, 5045, 2522,
 3618, 5120, 2560,
 3572, 5195, 2597,
 3525, 5270, 2635,
 3476, 5344, 2672,
 3428, 5418, 2709,
15255, 4068, 2288,
 8270, 4124, 2320,
 6081, 4183, 2353,
 5084, 4247, 2389,
 4561, 4315, 2427,
 4269, 4388, 2468,
 4100, 4467, 2513,
 3998, 4554, 2562,
 3933, 4645, 2613,
 3884, 4740, 2666,
 3842, 4839, 2722,
 3788, 4922, 2769,
 3727, 4987, 2805,
 3668, 5051, 2841,
 3609, 5115, 2877,
 3551, 5177, 2912,
 3495, 5237, 2946,
15817, 4046, 2528,
 8587, 4096, 2560,
 6319, 4149, 2593,
 5287, 4206, 2629,
 4744, 4266, 2667,
 4439, 4331, 2707,
 4258, 4401, 2751,
 4146, 4475, 2797,
 4069, 4552, 2845,
 4010, 4632, 2895,
 3957, 4713, 2945,
 3904, 4794, 2996,
 3838, 4861, 3038,
 3765, 4915, 3072,
 3694, 4967, 3104,
 3626, 5017, 3135,
 3560, 5065, 3165,
16448, 4023, 2766,
 8950, 4070, 2798,
 6595, 4118, 2831,
 5520, 4169, 2866,
 4952, 4223, 2903,
 4628, 4279, 2942,
 4432, 4339, 2983,
 4306, 4401, 3026,
 4215, 4465, 3070,
 4143, 4531, 3115,
 4078, 4597, 3161,
 4012, 4663, 3206,
 3942, 4727, 3250,
 3861, 4777, 3284,
 3778, 4818, 3312,
 3701, 4859, 3341,
 3631, 4901, 3370,
17158, 3997, 2998,
 9358, 4039, 3029,
 6904, 4082, 3062,
 5779, 4127, 3095,
 5180, 4174, 3130,
 4833, 4222, 3167,
 4618, 4272, 3204,
 4474, 4324, 3243,
 4368, 4377, 3283,
 4280, 4431, 3323,
 4200, 4484, 3363,
 4120, 4537, 3402,
 4037, 4587, 3440,
 3952, 4636, 3477,
 3865, 4675, 3506,
 3783, 4711, 3534,
 3709, 4747, 3560,
17944, 3963, 3220,
 9807, 4000, 3250,
 7240, 4039, 3281,
 6058, 4077, 3313,
 5424, 4118, 3346,
 5051, 4159, 3379,
 4813, 4201, 3413,
 4649, 4243, 3447,
 4524, 4287, 3483,
 4419, 4329, 3518,
 4321, 4372, 3552,
 4228, 4414, 3586,
 4137, 4457, 3621,
 4048, 4499, 3656,
 3959, 4539, 3688,
 3870, 4570, 3713,
 3787, 4600, 3737,
18791, 3922, 3432,
10289, 3955, 3460,
 7600, 3988, 3490,
 6356, 4022, 3519,
 5682, 4056, 3549,
 5278, 4090, 3579,
 5015, 4125, 3609,
 4827, 4160, 3640,
 4682, 4194, 3670,
 4559, 4229, 3700,
 4453, 4265, 3732,
 4351, 4302, 3764,
 4249, 4338, 3796,
 4149, 4373, 3826,
 4051, 4406, 3855,
 3954, 4435, 3880,
 3863, 4459, 3901,
19694, 3875, 3633,
10800, 3904, 3660,
 7980, 3933, 3687,
 6669, 3962, 3714,
 5950, 3990, 3741,
 5512, 4019, 3768,
 5220, 4047, 3794,
 5009, 4075, 3821,
 4853, 4106, 3849,
 4721, 4136, 3878,
 4600, 4167, 3906,
 4481, 4197, 3935,
 4364, 4226, 3962,
 4249, 4253, 3988,
 4138, 4280, 4013,
 4033, 4305, 4036,
 3931, 4325, 4054,
20644, 3826, 3826,
11336, 3851, 3851,
 8375, 3875, 3875,
 6993, 3900, 3900,
 6225, 3923, 3923,
 5753, 3947, 3947,
 5443, 3972, 3972,
 5223, 3997, 3997,
 5048, 4023, 4023,
 4896, 4049, 4049,
 4751, 4073, 4073,
 4610, 4097, 4097,
 4474, 4120, 4120,
 4342, 4142, 4142,
 4218, 4162, 4162,
 4100, 4181, 4181,
 3996, 4204, 4204,
 1273, 3775, 4011,
11892, 3796, 4033,
 8784, 3817, 4055,
 7328, 3837, 4077,
 6527, 3858, 4100,
 6036, 3880, 4123,
 5704, 3902, 4146,
 5461, 3926, 4171,
 5261, 3950, 4197,
 5084, 3974, 4222,
 4914, 3997, 4246,
 4752, 4019, 4270,
 4598, 4040, 4292,
 4451, 4059, 4312,
 4312, 4075, 4330,
 4182, 4089, 4344,
 4094, 4095, 4351,
11832,12452,  732,
 6500,13013,  765,
 4774,13465,  792,
 3992,13898,  818,
 3585,14337,  843,
 3362,14762,  868,
 3242,15176,  893,
 3179,15561,  915,
 3150,  938,  938,
 3138,  959,  959,
 3135,  981,  981,
 3136, 1003, 1003,
 3136, 1025, 1025,
 3133, 1047, 1047,
 3125, 1069, 1069,
 3110,18553, 1091,
 3091,18940, 1114,
12418, 7153,  842,
 6798, 7457,  877,
 5036, 7792,  917,
 4216, 8090,  952,
 3757, 8316,  978,
 3498, 8526, 1003,
 3350, 8727, 1027,
 3267, 8923, 1050,
 3223, 9121, 1073,
 3201, 9317, 1096,
 3190, 9513, 1119,
 3184, 9712, 1143,
 3180, 9914, 1166,
 3173,10117, 1190,
 3162,10327, 1215,
 3145,10539, 1240,
 3124,10757, 1266,
13003, 5562,  981,
 7080, 5766, 1017,
 5229, 5985, 1056,
 4395, 6219, 1097,
 3935, 6432, 1135,
 3641, 6583, 1162,
 3465, 6721, 1186,
 3362, 6857, 1210,
 3304, 6995, 1234,
 3271, 7134, 1259,
 3252, 7274, 1284,
 3240, 7417, 1309,
 3231, 7564, 1335,
 3220, 7713, 1361,
 3206, 7868, 1388,
 3187, 8027, 1416,
 3164, 8190, 1445,
13544, 4868, 1145,
 7340, 5010, 1179,
 5398, 5160, 1214,
 4519, 5325, 1253,
 4056, 5505, 1295,
 3786, 5688, 1338,
 3594, 5814, 1368,
 3470, 5922, 1393,
 3396, 6031, 1419,
 3352, 6143, 1445,
 3324, 6256, 1472,
 3306, 6373, 1499,
 3292, 6493, 1528,
 3278, 6617, 1557,
 3260, 6745, 1587,
 3238, 6879, 1619,
 3213, 7017, 1651,
14014, 4509, 1326,
 7573, 4616, 1358,
 5555, 4732, 1392,
 4638, 4859, 1429,
 4154, 4997, 1470,
 3882, 5148, 1514,
 3722, 5311, 1562,
 3595, 5427, 1596,
 3504, 5519, 1623,
 3448, 5616, 1652,
 3411, 5713, 1680,
 3386, 5815, 1710,
 3367, 5920, 1741,
 3347, 6029, 1773,
 3325, 6141, 1806,
 3298, 6258, 1841,
 3268, 6377, 1875,
14459, 4316, 1523,
 7800, 4403, 1554,
 5712, 4497, 1587,
 4761, 4598, 1623,
 4257, 4709, 1662,
 3973, 4830, 1705,
 3811, 4964, 1752,
 3715, 5108, 1803,
 3630, 5219, 1842,
 3561, 5306, 1873,
 3515, 5393, 1903,
 3482, 5484, 1936,
 3455, 5579, 1969,
 3428, 5677, 2004,
 3398, 5777, 2039,
 3364, 5878, 2075,
 3328, 5980, 2111,
14901, 4209, 1733,
 8033, 4282, 1763,
 5877, 4361, 1796,
 4892, 4445, 1830,
 4372, 4538, 1869,
 4079, 4638, 1910,
 3911, 4749, 1956,
 3812, 4869, 2005,
 3753, 4999, 2058,
 3693, 5106, 2102,
 3636, 5188, 2136,
 3592, 5271, 2170,
 3554, 5356, 2205,
 3517, 5443, 2241,
 3478, 5530, 2277,
 3436, 5617, 2313,
 3393, 5705, 2349,
15365, 4147, 1952,
 8282, 4210, 1981,
 6057, 4278, 2013,
 5041, 4351, 2048,
 4505, 4431, 2085,
 4203, 4517, 2126,
 4030, 4612, 2170,
 3928, 4715, 2219,
 3865, 4825, 2271,
 3821, 4942, 2326,
 3770, 5042, 2373,
 3712, 5116, 2408,
 3661, 5192, 2443,
 3612, 5267, 2478,
 3562, 5342, 2514,
 3512, 5416, 2549,
 3461, 5489, 2583,
15862, 4109, 2175,
 8559, 4165, 2205,
 6263, 4225, 2237,
 5216, 4290, 2271,
 4662, 4360, 2308,
 4352, 4436, 2349,
 4172, 4519, 2392,
 4063, 4608, 2440,
 3992, 4703, 2490,
 3940, 4801, 2542,
 3896, 4903, 2596,
 3839, 4988, 2641,
 3774, 5053, 2675,
 3711, 5117, 2709,
 3650, 5180, 2743,
 3589, 5242, 2775,
 3530, 5302, 2807,
16413, 4080, 2400,
 8874, 4131, 2430,
 6502, 4186, 2462,
 5421, 4244, 2496,
 4849, 4307, 2534,
 4525, 4375, 2573,
 4333, 4447, 2616,
 4213, 4523, 2661,
 4131, 4604, 2708,
 4068, 4686, 2757,
 4013, 4771, 2807,
 3957, 4855, 2856,
 3887, 4922, 2895,
 3811, 4975, 2927,
 3737, 5027, 2957,
 3665, 5076, 2986,
 3598, 5124, 3014,
17039, 4054, 2623,
 9237, 4101, 2654,
 6780, 4150, 2686,
 5656, 4203, 2720,
 5058, 4259, 2756,
 4716, 4318, 2794,
 4509, 4380, 2834,
 4374, 4445, 2876,
 4279, 4512, 2920,
 4203, 4581, 2964,
 4134, 4649, 3008,
 4066, 4718, 3053,
 3993, 4782, 3095,
 3908, 4832, 3127,
 3821, 4874, 3153,
 3743, 4915, 3180,
 3672, 4958, 3208,
17746, 4024, 2841,
 9646, 4067, 2871,
 7089, 4111, 2902,
 5914, 4158, 2935,
 5288, 4206, 2969,
 4923, 4257, 3005,
 4696, 4309, 3042,
 4545, 4364, 3081,
 4433, 4420, 3120,
 4341, 4475, 3159,
 4257, 4531, 3198,
 4174, 4586, 3237,
 4088, 4637, 3274,
 4002, 4688, 3309,
 3912, 4728, 3337,
 3828, 4764, 3363,
 3751, 4800, 3388,
18527, 3987, 3049,
10092, 4025, 3078,
 7426, 4065, 3108,
 6195, 4105, 3139,
 5533, 4147, 3171,
 5142, 4190, 3204,
 4893, 4234, 3238,
 4720, 4279, 3272,
 4590, 4325, 3307,
 4480, 4370, 3342,
 4380, 4415, 3376,
 4285, 4460, 3410,
 4192, 4505, 3445,
 4100, 4548, 3478,
 4008, 4588, 3508,
 3916, 4619, 3532,
 3831, 4648, 3555,
19367, 3943, 3247,
10570, 3977, 3275,
 7785, 4011, 3304,
 6493, 4046, 3332,
 5792, 4082, 3362,
 5371, 4119, 3392,
 5095, 4156, 3422,
 4899, 4193, 3453,
 4749, 4230, 3483,
 4624, 4268, 3515,
 4516, 4307, 3547,
 4411, 4345, 3579,
 4306, 4382, 3609,
 4202, 4418, 3638,
 4101, 4451, 3666,
 4000, 4479, 3689,
 3905, 4503, 3708,
20262, 3895, 3436,
11080, 3924, 3463,
 8163, 3954, 3489,
 6806, 3984, 3516,
 6060, 4015, 3542,
 5605, 4045, 3569,
 5302, 4076, 3596,
 5086, 4107, 3624,
 4927, 4140, 3653,
 4791, 4173, 3682,
 4666, 4206, 3711,
 4543, 4238, 3739,
 4421, 4267, 3765,
 4302, 4295, 3790,
 4187, 4321, 3813,
 4076, 4344, 3833,
 3970, 4363, 3850,
21204, 3843, 3617,
11613, 3869, 3641,
 8559, 3895, 3666,
 7129, 3920, 3690,
 6336, 3946, 3713,
 5850, 3972, 3738,
 5534, 4000, 3764,
 5306, 4028, 3791,
 5127, 4057, 3818,
 4968, 4084, 3844,
 4818, 4110, 3869,
 4671, 4135, 3892,
 4530, 4158, 3914,
 4393, 4179, 3933,
 4263, 4198, 3951,
 4140, 4215, 3967,
 4023, 4229, 3980,
 1305, 3790, 3790,
12165, 3813, 3813,
 8966, 3834, 3834,
 7470, 3857, 3857,
 6648, 3881, 3881,
 6143, 3905, 3905,
 5800, 3930, 3930,
 5543, 3953, 3953,
 5331, 3977, 3977,
 5141, 3999, 3999,
 4961, 4019, 4019,
 4789, 4037, 4037,
 4626, 4054, 4054,
 4471, 4069, 4069,
 4325, 4082, 4082,
 4193, 4093, 4093,
 4095, 4095, 4095,
